-1.0819228202391154e-34,
1.358558218618354e-06,
9.014141089043369e-06,
2.0858673644950124e-05,
2.3642473928620444e-05,
-7.167011294443277e-20,
-5.710220378281029e-05,
-0.00013080608735889304,
-0.000178120638562239,
-0.00014555886307757144,
3.135025125016591e-19,
0.00023858418065827628,
0.00048227266298791083,
0.0005948306681581717,
0.00044848672211155816,
-7.904130258179118e-19,
-0.0006494507794171386,
-0.0012499322138630978,
-0.0014768628417475996,
-0.0010719749058999424,
1.5652192022715232e-18,
0.0014551230321450891,
0.0027236957054784967,
0.003137602984352779,
0.0022252046721195472,
-2.650665682279448e-18,
-0.0029001203779966613,
-0.005332877919236533,
-0.006044891081002603,
-0.004225062504681993,
3.9743390323621535e-18,
0.005373903588218075,
0.009786202073364671,
0.011004962952916432,
0.0076456202252152775,
-5.3728312517050475e-18,
-0.009671577339718278,
-0.017633463564625865,
-0.01991666235321807,
-0.013951018311687956,
6.620660110650303e-18,
0.01821493619294497,
0.03409460880218381,
0.039933451497318063,
0.02941095033347116,
-7.486178553096812e-18,
-0.04557528872376659,
-0.09944620976579277,
-0.15038295950095332,
-0.18678880932657188,
0.8000068783248725,
-0.18678880932657188,
-0.15038295950095332,
-0.09944620976579276,
-0.045575288723766594,
-7.486178553096812e-18,
0.029410950333471162,
0.03993345149731807,
0.03409460880218381,
0.018214936192944977,
6.620660110650305e-18,
-0.013951018311687957,
-0.019916662353218078,
-0.017633463564625862,
-0.009671577339718278,
-5.372831251705048e-18,
0.007645620225215273,
0.011004962952916432,
0.009786202073364664,
0.005373903588218075,
3.974339032362155e-18,
-0.0042250625046819906,
-0.006044891081002603,
-0.005332877919236536,
-0.0029001203779966613,
-2.6506656822794497e-18,
0.00222520467211955,
0.0031376029843527805,
0.0027236957054784985,
0.0014551230321450885,
1.5652192022715242e-18,
-0.0010719749058999439,
-0.0014768628417476026,
-0.001249932213863096,
-0.000649450779417138,
-7.904130258179127e-19,
0.0004484867221115589,
0.0005948306681581732,
0.00048227266298791154,
0.00023858418065827606,
3.135025125016593e-19,
-0.00014555886307757182,
-0.0001781206385622397,
-0.00013080608735889344,
-5.710220378281032e-05,
-7.167011294443266e-20,
2.3642473928620498e-05,
2.0858673644950033e-05,
9.01414108904372e-06,
1.358558218618354e-06,
