1.6230228448608642e-34,
-2.072977555772777e-06,
-1.4586614171248698e-05,
-3.860666777564606e-05,
-6.190660250935228e-05,
-6.504231583074638e-05,
-3.5314777383597315e-05,
1.9507271805154557e-05,
6.800782204777752e-05,
6.901443159741944e-05,
-1.56711090728952e-19,
-0.00011312091389098039,
-0.00018413539109073639,
-8.870782511800413e-05,
0.0002773659806740577,
0.0009222665666123342,
0.0017005534772778223,
0.0023134605078004586,
0.002389848155650774,
0.0016356898731525538,
-2.3480293371944315e-18,
-0.002220322504539039,
-0.0044074635601158724,
-0.005807291397845395,
-0.005826584034934641,
-0.004329974787174929,
-0.0017935753569885402,
0.0007952986070810814,
0.0023079856453095725,
0.002003246528992208,
-1.986660329188988e-18,
-0.0025479513494314305,
-0.0037364467952792713,
-0.0016411835860450936,
0.004728423043705512,
0.014627912786309497,
0.02532452804287957,
0.03263722713923778,
0.03222899069979582,
0.02128738205250841,
-9.931838396078608e-18,
-0.027793548624076632,
-0.055171635212323246,
-0.07391157852767297,
-0.07701106141487202,
-0.061144950500365544,
-0.028185973024696186,
0.014830534901415976,
0.05741736404782402,
0.08856295818662831,
0.09997093798676138,
0.08856295818662831,
0.05741736404782402,
0.014830534901415976,
-0.028185973024696193,
-0.061144950500365544,
-0.07701106141487203,
-0.07391157852767297,
-0.055171635212323246,
-0.02779354862407664,
-9.931838396078611e-18,
0.021287382052508415,
0.03222899069979583,
0.03263722713923777,
0.02532452804287957,
0.014627912786309498,
0.0047284230437055095,
-0.0016411835860450953,
-0.0037364467952792687,
-0.0025479513494314305,
-1.9866603291889886e-18,
0.0020032465289922066,
0.0023079856453095725,
0.0007952986070810823,
-0.0017935753569885402,
-0.004329974787174931,
-0.005826584034934648,
-0.005807291397845398,
-0.004407463560115876,
-0.002220322504539038,
-2.348029337194433e-18,
0.001635689873152556,
0.0023898481556507787,
0.002313460507800455,
0.001700553477277821,
0.0009222665666123352,
0.00027736598067405825,
-8.870782511800446e-05,
-0.00018413539109073666,
-0.00011312091389098025,
-1.5671109072895213e-19,
6.901443159741963e-05,
6.800782204777778e-05,
1.9507271805154625e-05,
-3.5314777383597315e-05,
-6.504231583074629e-05,
-6.190660250935243e-05,
-3.8606667775645885e-05,
-1.4586614171249264e-05,
-2.072977555772777e-06,
