4.3387870787071906e-35,
2.3114019668334048e-06,
-2.7858390962711304e-20,
-2.1932910849177576e-05,
2.56205681689019e-19,
6.502803599007531e-05,
-9.520520069797788e-19,
-0.00013754269813157113,
-1.83727045012046e-19,
0.0002476486011395939,
-7.837849934881124e-19,
-0.0004059185222034225,
2.9815752214118234e-18,
0.0006254648899129995,
-1.6820161875938657e-18,
-0.0009220640858202625,
-1.625179207470683e-18,
0.001314304652386732,
-3.042850268061189e-18,
-0.0018238194520754957,
1.1481331803935744e-17,
0.0024756938586741484,
-4.910289044180695e-18,
-0.0032991918713193686,
-7.422877960713116e-18,
0.004329024154509395,
-7.251124252975963e-18,
-0.005607525097861615,
3.1144305255135354e-17,
0.00718836899992982,
-9.936211572093976e-18,
-0.009142965795026959,
1.1341673074013108e-17,
0.011571726728811151,
-1.274414737280627e-17,
-0.014624701272985098,
1.410598524382221e-17,
0.01854160005129534,
-1.538821505641494e-17,
-0.02373575951552439,
1.6552256632028083e-17,
0.030990235652128013,
-1.756168321805754e-17,
-0.041990053945864296,
1.8383931308863578e-17,
0.06113152631428242,
-1.8991860010857477e-17,
-0.1045677635217136,
1.936506964688036e-17,
0.31779574503549074,
0.5000011206257161,
0.31779574503549074,
1.936506964688036e-17,
-0.10456776352171357,
-1.899186001085748e-17,
0.06113152631428242,
1.8383931308863584e-17,
-0.04199005394586431,
-1.756168321805754e-17,
0.030990235652128023,
1.655225663202809e-17,
-0.02373575951552439,
-1.538821505641495e-17,
0.018541600051295338,
1.410598524382221e-17,
-0.0146247012729851,
-1.2744147372806264e-17,
0.01157172672881115,
1.13416730740131e-17,
-0.009142965795026959,
-9.93621157209398e-18,
0.007188368999929816,
3.1144305255135354e-17,
-0.0056075250978616185,
-7.251124252975963e-18,
0.0043290241545093965,
-7.422877960713127e-18,
-0.00329919187131937,
-4.910289044180698e-18,
0.002475693858674147,
1.148133180393575e-17,
-0.001823819452075498,
-3.042850268061195e-18,
0.0013143046523867304,
-1.6251792074706816e-18,
-0.0009220640858202634,
-1.6820161875938684e-18,
0.000625464889913001,
2.9815752214118277e-18,
-0.00040591852220342217,
-7.837849934881129e-19,
0.00024764860113959454,
-1.837270450120467e-19,
-0.00013754269813157153,
-9.520520069797793e-19,
6.502803599007522e-05,
2.562056816890196e-19,
-2.193291084917748e-05,
-2.785839096271238e-20,
2.3114019668334048e-06,
