-8.834874291421477e-20,
-1.634404374289137e-06,
4.178749362139877e-20,
1.5508875542707746e-05,
-4.022436330123866e-05,
4.5981663076637806e-05,
-4.7470197951445066e-20,
-9.725715851394858e-05,
0.00018729356787157534,
-0.00017511361623683932,
3.4494386154776494e-18,
0.0002870271020852136,
-0.0005071089373305253,
0.0004422694826372283,
-5.233872237180357e-18,
-0.000651996319490964,
0.001104949684048224,
-0.0009293516678764081,
4.56426526347749e-18,
0.0012896322375590638,
-0.0021302374241956366,
0.0017505760270513143,
2.8094186947941163e-18,
-0.0023328757626224546,
0.003785874584072053,
-0.0030610755359989188,
1.0876662219105887e-17,
0.003965110214662076,
-0.006356193347917054,
0.005082933174788863,
-4.372927802024405e-17,
-0.0064650387530128025,
0.010290175900038816,
-0.00818242826433084,
1.9116178596392204e-17,
0.010341202472015363,
-0.01645483640093645,
0.013110862007127947,
-2.3082271311913155e-17,
-0.016783679228410123,
0.02703182644345027,
-0.021913357103991782,
2.6342466312497422e-17,
0.029691385933956854,
-0.050038619258710546,
0.04322642078215219,
-2.848772673642478e-17,
-0.07394041043568908,
0.15812744249835184,
-0.22471502718675268,
0.24999998503840837,
-0.22471502718675268,
0.15812744249835184,
-0.07394041043568907,
-2.848772673642478e-17,
0.04322642078215219,
-0.050038619258710546,
0.029691385933956857,
2.6342466312497422e-17,
-0.02191335710399179,
0.027031826443450282,
-0.016783679228410123,
-2.3082271311913167e-17,
0.013110862007127945,
-0.01645483640093645,
0.010341202472015365,
1.9116178596392195e-17,
-0.008182428264330839,
0.010290175900038808,
-0.0064650387530128025,
-4.372927802024407e-17,
0.005082933174788859,
-0.006356193347917054,
0.003965110214662079,
1.0876662219105887e-17,
-0.0030610755359989205,
0.0037858745840720583,
-0.0023328757626224555,
2.8094186947941183e-18,
0.0017505760270513137,
-0.002130237424195638,
0.0012896322375590657,
4.5642652634775e-18,
-0.0009293516678764067,
0.0011049496840482228,
-0.0006519963194909647,
-5.233872237180366e-18,
0.0004422694826372294,
-0.0005071089373305261,
0.00028702710208521336,
3.4494386154776517e-18,
-0.00017511361623683976,
0.0001872935678715761,
-9.725715851394887e-05,
-4.747019795144509e-20,
4.598166307663774e-05,
-4.0224363301238756e-05,
1.5508875542707682e-05,
4.1787493621400387e-20,
-1.634404374289137e-06,
