-5.411000246217488e-35,
7.144193371544229e-07,
5.572473082205329e-06,
1.7747994130695934e-05,
3.826412858073184e-05,
6.504231583074645e-05,
9.24169811664076e-05,
0.00011129881555373848,
0.00011011281651446149,
7.6544431480152e-05,
-1.5679142177270708e-19,
-0.0001254632667672959,
-0.00029813727189717445,
-0.0005061228430401675,
-0.0007258527027856159,
-0.0009222665666123335,
-0.001051102697860684,
-0.001063528293937361,
-0.0009129853139031743,
-0.0005637149672526114,
7.828101349229082e-19,
0.0007651994723939498,
0.0016837678546373761,
0.002669688413492616,
0.0036013793628150935,
0.0043299747871749315,
0.0046936957349852015,
0.004537579312155452,
0.0037369054356930307,
0.0022218159756897853,
-1.9876787031731656e-18,
-0.0028259522387866446,
-0.0060497552780854,
-0.009363779366871338,
-0.01237404326892079,
-0.014627912786309491,
-0.015652950703161292,
-0.015003763574611912,
-0.012312328346577747,
-0.0073363637408204565,
3.3111782854283044e-18,
0.00957861243113166,
0.021077026410139435,
0.033978127030354896,
0.047600111081400866,
0.06114495050036555,
0.07376126174846277,
0.0846156748643768,
0.0929655954531293,
0.09822585113994357,
0.10002218368836613,
0.09822585113994357,
0.0929655954531293,
0.08461567486437678,
0.07376126174846279,
0.06114495050036555,
0.047600111081400866,
0.0339781270303549,
0.021077026410139435,
0.009578612431131664,
3.3111782854283052e-18,
-0.007336363740820457,
-0.012312328346577755,
-0.01500376357461191,
-0.015652950703161292,
-0.014627912786309493,
-0.012374043268920783,
-0.009363779366871336,
-0.006049755278085395,
-0.0028259522387866446,
-1.9876787031731664e-18,
0.002221815975689784,
0.0037369054356930307,
0.004537579312155453,
0.0046936957349852015,
0.004329974787174933,
0.003601379362815098,
0.0026696884134926172,
0.0016837678546373774,
0.0007651994723939494,
7.828101349229087e-19,
-0.0005637149672526122,
-0.0009129853139031761,
-0.0010635282939373595,
-0.001051102697860683,
-0.0009222665666123345,
-0.0007258527027856172,
-0.0005061228430401687,
-0.0002981372718971749,
-0.0001254632667672958,
-1.5679142177270715e-19,
7.654443148015219e-05,
0.00011011281651446191,
0.00011129881555373882,
9.241698116640763e-05,
6.504231583074635e-05,
3.826412858073193e-05,
1.7747994130695856e-05,
5.572473082205544e-06,
7.144193371544229e-07,
