2.895011607812988e-15,
-0.022183857112490567,
-4.564288359198708e-16,
0.21050278892240337,
1.31807193665498,
-3.6375658190180555,
3.2752343611186344e-14,
7.69392170256039,
-6.137235632015774,
-2.3768263852934615,
-8.734813788535315e-14,
3.89583405443347,
16.616945658446554,
-34.98751991972586,
2.2661983190300172e-13,
51.578811361238266,
-36.20699124689215,
-12.614139396434293,
-4.9853726569801346e-14,
17.504246645274442,
69.80361991604225,
-138.48641161545197,
6.884131960869941e-14,
184.55159222900568,
-124.0555383708728,
-41.54814033135128,
-1.1880162807414535e-13,
53.818650892682484,
208.279743624545,
-402.10602966118176,
1.7585107629617326e-12,
511.4430930301669,
-337.18848389247233,
-111.06053208409082,
-2.087987191344639e-13,
140.36168871017628,
539.1920791858852,
-1037.1878767304142,
1.2606008973173751e-12,
1327.7409687612462,
-885.7788888989791,
-297.431156265328,
-2.8772870043860604e-13,
403.0027534141831,
1639.6654758694265,
-3419.6012104559695,
1.555811098534945e-12,
5849.355844236171,
-5181.520035785994,
-3050.0689624674487,
8191.963769597969,
-3050.0689624674487,
-5181.520035785994,
5849.35584423617,
1.555811098534945e-12,
-3419.6012104559695,
1639.6654758694265,
403.0027534141834,
-2.8772870043860604e-13,
-297.4311562653281,
-885.7788888989794,
1327.7409687612462,
1.2606008973173757e-12,
-1037.1878767304142,
539.1920791858852,
140.36168871017628,
-2.087987191344638e-13,
-111.06053208409082,
-337.18848389247205,
511.4430930301669,
1.7585107629617332e-12,
-402.10602966118154,
208.279743624545,
53.81865089268251,
-1.1880162807414535e-13,
-41.54814033135128,
-124.05553837087297,
184.55159222900573,
6.884131960869945e-14,
-138.4864116154519,
69.8036199160423,
17.504246645274456,
-4.9853726569801485e-14,
-12.61413939643429,
-36.206991246892116,
51.57881136123832,
2.266198319030021e-13,
-34.98751991972595,
16.61694565844658,
3.8958340544334664,
-8.734813788535321e-14,
-2.3768263852934686,
-6.137235632015799,
7.693921702560413,
3.2752343611186363e-14,
-3.63756581901805,
1.3180719366549831,
0.21050278892240237,
-4.564288359198885e-16,
-0.022183857112490567,
