8.834874291421472e-20,
-6.769975925442678e-07,
-1.3929102658687463e-20,
6.4240353064698295e-06,
4.0224363301238404e-05,
-0.00011100969906671312,
9.995222049312239e-19,
0.0002347998566455197,
-0.00018729356787157515,
-7.253498490275456e-05,
-2.665653621989537e-18,
0.00011889142011820892,
0.0005071089373305223,
-0.0010677343725502277,
6.915888424774222e-18,
0.0015740604053112264,
-0.0011049496840482224,
-0.0003849529845103239,
-1.5214149954163008e-18,
0.000534187214516432,
0.0021302374241956253,
-0.004226269885725463,
2.1008703493865786e-18,
0.005632067633941824,
-0.0037858745840720458,
-0.001267948618510476,
-3.625537966129924e-18,
0.0016424148831995387,
0.006356193347917023,
-0.012271302174718682,
5.366548959233803e-17,
0.015608004548039761,
-0.010290175900038829,
-0.0033892984644803108,
-6.372031223585934e-18,
0.004283498800969735,
0.016454836400936437,
-0.031652462058423286,
3.84704863683281e-17,
0.040519438743934516,
-0.02703182644345029,
-0.009076878548136231,
-8.780783094439882e-18,
0.012298668011907442,
0.050038619258710525,
-0.10435794709643462,
4.747958674728226e-17,
0.17850817395740268,
-0.15812744249835187,
-0.09308071784873806,
0.24999889433587552,
-0.09308071784873806,
-0.15812744249835187,
0.17850817395740265,
4.747958674728226e-17,
-0.10435794709643462,
0.050038619258710525,
0.012298668011907453,
-8.780783094439882e-18,
-0.009076878548136234,
-0.0270318264434503,
0.040519438743934516,
3.847048636832812e-17,
-0.031652462058423286,
0.016454836400936437,
0.004283498800969735,
-6.372031223585931e-18,
-0.0033892984644803108,
-0.01029017590003882,
0.015608004548039761,
5.366548959233805e-17,
-0.012271302174718675,
0.006356193347917023,
0.0016424148831995396,
-3.625537966129924e-18,
-0.001267948618510476,
-0.003785874584072051,
0.005632067633941825,
2.1008703493865798e-18,
-0.004226269885725461,
0.0021302374241956266,
0.0005341872145164324,
-1.521414995416305e-18,
-0.0003849529845103238,
-0.0011049496840482213,
0.0015740604053112281,
6.915888424774234e-18,
-0.0010677343725502303,
0.000507108937330523,
0.00011889142011820881,
-2.665653621989539e-18,
-7.253498490275478e-05,
-0.0001872935678715759,
0.00023479985664552042,
9.995222049312245e-19,
-0.00011100969906671296,
4.02243633012385e-05,
6.424035306469799e-06,
-1.3929102658688005e-20,
-6.769975925442678e-07,
