8.834874291421477e-21,
3.9458063411225426e-07,
-6.964588458411007e-21,
-3.7441786391885315e-06,
4.0224363301238905e-06,
1.904637291343755e-06,
-9.045818090283336e-20,
-4.028553961762268e-06,
-1.8729356787157534e-05,
4.2276221737643315e-05,
-4.23322360896576e-19,
-6.929456242886359e-05,
5.071089373305282e-05,
1.8319540727577093e-05,
3.551856049586495e-19,
-2.7006776632929833e-05,
-0.00011049496840482252,
0.00022436563202631385,
-7.607115531538675e-19,
-0.00031134516896345595,
0.00021302374241956496,
7.251178316228333e-05,
-7.719707738974811e-19,
-9.6631610869691e-05,
-0.0003785874584072062,
0.0007390099690508314,
-1.812778647208184e-18,
-0.0009572635312523692,
0.0006356193347917083,
0.0002105435825140961,
3.3793066448150075e-18,
-0.00026779270420141613,
-0.001029017590003881,
0.001975415499314199,
-3.186032596919847e-18,
-0.0024965903745000455,
0.0016454836400936462,
0.0005430738044167388,
7.694056255498226e-19,
-0.0006952080287114231,
-0.002703182644345027,
0.005290359275611979,
-4.3904149530554974e-18,
-0.007168143987982113,
0.005003861925871055,
0.001790510553213026,
9.495866725567329e-19,
-0.003062735308602446,
-0.015812744249835184,
0.05425107722222433,
0.6250001135587309,
0.05425107722222433,
-0.015812744249835184,
-0.003062735308602439,
9.495866725567298e-19,
0.001790510553213026,
0.005003861925871055,
-0.007168143987982115,
-4.3904149530554974e-18,
0.005290359275611979,
-0.002703182644345029,
-0.0006952080287114231,
7.694056255498211e-19,
0.0005430738044167362,
0.0016454836400936462,
-0.0024965903745000463,
-3.1860325969198454e-18,
0.001975415499314198,
-0.00102901759000388,
-0.00026779270420141613,
3.3793066448150106e-18,
0.0002105435825140961,
0.0006356193347917083,
-0.0009572635312523701,
-1.812778647208184e-18,
0.0007390099690508314,
-0.0003785874584072066,
-9.6631610869691e-05,
-7.719707738974813e-19,
7.2511783162283e-05,
0.00021302374241956496,
-0.00031134516896345616,
-7.607115531538695e-19,
0.0002243656320263137,
-0.00011049496840482241,
-2.700677663292994e-05,
3.551856049586495e-19,
1.83195407275772e-05,
5.071089373305288e-05,
-6.929456242886356e-05,
-4.2332236089657636e-19,
4.2276221737643424e-05,
-1.8729356787157615e-05,
-4.028553961762261e-06,
-9.045818090283338e-20,
1.9046372913437482e-06,
4.022436330123901e-06,
-3.7441786391885163e-06,
-6.964588458411275e-21,
3.9458063411225426e-07,
