1.4217337499507722e-30,
0.07574001964919701,
-9.12863755066124e-16,
-0.7186976227058508,
8.395347777585774e-15,
2.130838683322788,
-3.119684016471339e-14,
-4.506999132375323,
-6.020367810954724e-15,
8.114949362142212,
-2.5683066666618468e-14,
-13.301138135561748,
9.770025685522263e-14,
20.495233512669166,
-5.511630643507579e-14,
-30.21419596415836,
-5.325387227039934e-14,
43.06713484940843,
-9.970811758382904e-14,
-59.76291580560984,
3.7622028055136645e-13,
81.1235363610345,
-1.6090035139971301e-13,
-108.10791923939307,
-2.432328650166474e-13,
141.85346349496385,
-2.3760483952151636e-13,
-183.7473824067294,
1.0205365946002753e-12,
235.54847538970034,
-3.255897807943754e-13,
-299.5967031714434,
3.7164394328926153e-13,
379.1823414496838,
-4.1760022111211585e-13,
-479.2222113131757,
4.622249244695661e-13,
607.5711504808457,
-5.042410309686048e-13,
-777.7733678047032,
5.423843453182962e-13,
1015.4880418489307,
-5.754612356893095e-13,
-1375.9300876980813,
6.024046611288417e-13,
2003.1578542664063,
-6.223252688357778e-13,
-3426.476475079511,
6.345546021889757e-13,
10413.53097332296,
16384.036720663466,
10413.53097332296,
6.345546021889757e-13,
-3426.4764750795102,
-6.223252688357779e-13,
2003.1578542664063,
6.024046611288419e-13,
-1375.9300876980817,
-5.754612356893095e-13,
1015.4880418489311,
5.423843453182964e-13,
-777.7733678047032,
-5.042410309686051e-13,
607.5711504808456,
4.622249244695661e-13,
-479.22221131317576,
-4.1760022111211565e-13,
379.18234144968375,
3.716439432892613e-13,
-299.5967031714434,
-3.2558978079437555e-13,
235.5484753897002,
1.0205365946002753e-12,
-183.7473824067295,
-2.3760483952151636e-13,
141.8534634949639,
-2.4323286501664774e-13,
-108.10791923939311,
-1.6090035139971311e-13,
81.12353636103445,
3.7622028055136665e-13,
-59.76291580560992,
-9.970811758382923e-14,
43.06713484940838,
-5.3253872270399295e-14,
-30.214195964158392,
-5.511630643507588e-14,
20.495233512669216,
9.770025685522277e-14,
-13.301138135561738,
-2.5683066666618484e-14,
8.114949362142234,
-6.0203678109547466e-15,
-4.506999132375336,
-3.119684016471341e-14,
2.130838683322785,
8.395347777585794e-15,
-0.7186976227058477,
-9.128637550661593e-16,
0.07574001964919701,
