-2.8950116078129894e-15,
-0.05355616253670644,
1.3692925909859948e-15,
0.5081948337834474,
-1.3180719366549885,
1.5067271356952676,
-1.555503446472952e-15,
-3.186922570185067,
6.137235632015781,
-5.738122976848751,
1.1303120455197161e-13,
9.405304081128278,
-16.616945658446653,
14.492286407056698,
-1.7150352546792593e-13,
-21.36461539707991,
36.2069912468922,
-30.45299545297414,
1.495618441536304e-13,
42.2586691603354,
-69.80361991604262,
57.36287525441747,
9.20590317910136e-14,
-76.4436729896126,
124.05553837087304,
-100.30532316361257,
3.564064675956617e-13,
129.92873151404692,
-208.27974362454603,
166.55755427148145,
-1.4329209821673571e-12,
-211.8463898587235,
337.18848389247194,
-268.121809365593,
6.263989402465797e-13,
338.8605226029994,
-539.1920791858856,
429.61672624956856,
-7.563598663487703e-13,
-549.9676009565429,
885.7788888989785,
-718.0568855836027,
8.631899361279155e-13,
972.9273342838982,
-1639.6654758694272,
1416.443356189563,
-9.334858296991671e-13,
-2422.87936915666,
5181.520035785993,
-7363.462010855512,
8191.999509738565,
-7363.462010855512,
5181.520035785993,
-2422.8793691566593,
-9.334858296991671e-13,
1416.443356189563,
-1639.6654758694272,
972.9273342838983,
8.631899361279155e-13,
-718.0568855836029,
885.7788888989788,
-549.9676009565429,
-7.563598663487707e-13,
429.6167262495685,
-539.1920791858856,
338.8605226029995,
6.263989402465794e-13,
-268.1218093655929,
337.18848389247165,
-211.8463898587235,
-1.4329209821673577e-12,
166.55755427148134,
-208.27974362454603,
129.928731514047,
3.564064675956617e-13,
-100.30532316361263,
124.05553837087321,
-76.44367298961262,
9.205903179101367e-14,
57.362875254417446,
-69.80361991604266,
42.258669160335465,
1.4956184415363072e-13,
-30.452995452974093,
36.206991246892166,
-21.36461539707993,
-1.7150352546792623e-13,
14.492286407056733,
-16.616945658446678,
9.405304081128271,
1.1303120455197169e-13,
-5.738122976848765,
6.1372356320158055,
-3.1869225701850765,
-1.5555034464729527e-15,
1.5067271356952654,
-1.3180719366549916,
0.5081948337834453,
1.3692925909860479e-15,
-0.05355616253670644,
