0.000000
0.032793
-0.004154
-0.291106
0.825959
-1.220111
0.802922
0.954610
-3.617096
5.272780
-3.522417
-2.333825
9.823189
-13.911689
9.610583
4.114823
-21.370475
30.981330
-22.435895
-5.584178
40.930943
-61.301445
46.564005
6.533847
-73.991670
113.453275
-87.432370
-7.643416
127.694763
-197.394725
153.053300
9.295441
-212.599325
329.231450
-255.194875
-14.913550
350.206300
-541.273950
415.448125
31.597850
-587.139200
902.041800
-682.662950
-94.895480
1088.541000
-1675.484250
1232.188750
526.737350
-3324.646750
6360.139500
-8629.199000
9426.474000
-8542.397000
6574.442500
-4411.346000
3025.553500
-2927.497750
3922.046250
-5306.899500
6230.629500
-6217.033000
5134.266500
-3448.898750
1689.320875
-480.359050
-240.401400
748.264650
-1432.237000
2352.139000
-3301.019500
4011.874500
-3919.967500
2980.791750
-1445.382625
-255.500875
1635.280750
-2391.614500
2648.558250
-2601.149000
2731.493750
-3388.032500
4477.426500
-5566.504500
6142.895500
-5623.310000
3851.819750
-1258.201000
-1677.218250
3959.814750
-4928.416000
4514.476500
-2953.199000
1353.687625
-541.245800
1077.596750
-3166.397250
6220.379500
-9230.079000
10868.920000
-10353.158130
7583.518000
-3303.630250
-1106.408875
4246.507500
-4933.158000
2955.141500
1079.931500
-6118.870500
10445.971250
-12763.587500
12474.572500
-9681.518000
5242.725500
-216.826725
-4020.114500
6411.236500
-6436.122000
4761.368000
-1912.519000
-1107.991875
3423.361500
-4434.147000
3999.128000
-2480.401750
1006.973313
150.738800
0.295563
-1257.472750
3119.803000
-5168.472000
6449.272500
-6330.377000
4746.713000
-2413.303750
402.425525
822.235350
-1220.095125
1179.722125
-1271.423750
2108.041500
-3720.591250
5153.135500
-5689.441500
4211.601500
-1111.884250
-2804.266500
5942.018000
-6291.078500
3359.906750
2150.006500
-8182.804500
12015.353750
-12116.796250
8059.746000
-1648.364000
-4714.830000
8659.412000
-8622.310000
5216.554500
-166.967713
-4403.364000
6482.703000
-5531.750000
2667.532750
1029.926500
-3719.646250
4499.815000
-3457.247750
1390.502375
215.862625
-911.817900
637.595100
46.706055
-485.726150
104.195563
562.734000
-892.105500
676.186500
377.070550
-1833.482000
3441.652750
-4820.473000
5155.406000
-5169.398500
4452.479000
-3235.225500
2100.361750
-1278.590250
708.802200
-942.637800
1616.342750
-3362.562500
5505.453500
-7454.764500
8896.568000
-9334.855000
8456.738000
-6784.299000
4753.904000
-2801.115750
1002.085313
629.684650
-2493.378000
4578.033500
-6479.259500
7544.719500
-7314.367000
5643.214500
-2435.769500
-1436.343250
5219.735000
-8242.278500
9667.061000
-9780.532000
8889.526000
-6625.230500
3539.267750
-25.779298
-3752.690500
6985.267000
-9076.480000
9590.201000
-8455.163000
6269.103500
-4048.408750
2063.841125
-898.089200
362.807625
-482.258400
1058.993500
-1473.976250
1447.331250
-860.144500
114.657575
1076.375875
-1648.823500
2299.979250
-2645.592250
2757.330250
-2559.984750
2034.713375
-1715.355250
1976.992875
-2505.288750
3467.881750
-4681.692500
5227.063500
-4941.191500
4324.370000
-3754.879250
3502.485500
-4140.359500
4822.224000
-4998.653500
4510.817500
-2768.600500
586.592750
1627.919625
-3529.336500
4895.646000
-5101.104500
5758.485500
-6950.054500
8756.872000
-10975.117500
12684.482500
-12018.622500
8654.961000
-2942.824250
-3460.281250
7978.480500
-9660.475000
8427.964000
-4260.497500
-309.399525
3372.092750
-4801.651500
3254.854250
-878.437600
-1248.601500
2414.311750
-1961.308875
1057.508500
324.302175
-1114.338625
751.609600
-221.535550
-94.956120
-192.881350
1549.836750
-2735.997500
4429.927000
-4803.204000
4166.281250
-2670.252500
1094.240500
809.111150
-2591.421500
3748.145250
-4097.519000
4285.031000
-3717.044000
3004.343750
-2182.013000
1478.990250
-564.374250
-298.091075
201.938475
165.863775
-1701.395750
3356.691500
-4023.744500
4053.220250
-3243.802500
1223.977125
736.389300
-2301.748500
3220.775000
-2975.136500
2227.749500
-1525.233125
1429.125750
-1801.480625
2390.382500
-3076.542000
3068.464500
-2399.521750
1240.953500
408.152700
-1569.059625
1667.137500
-519.981950
-1384.894750
3234.971750
-4092.383500
3025.177750
-624.099100
-2267.580250
4252.165000
-4801.692500
3255.557750
-210.044025
-2984.334000
5215.272500
-5848.695500
4515.577500
-2150.550750
-461.285850
1504.038375
-876.132800
-836.433050
3631.723500
-5736.555500
6929.810500
-6952.706000
5324.020500
-3440.013250
1519.335125
505.265200
-3073.537250
4326.947000
-5281.556500
4888.106000
-3479.760750
1348.310125
525.533950
-1426.506750
1447.065125
-256.325125
-953.375500
2082.806875
-1353.705375
-1073.844250
3682.449000
-5668.950000
6254.048000
-5192.479500
3268.962250
-914.519200
-1309.652125
2091.916500
-1750.540375
782.422900
286.579325
-940.057200
888.704900
-357.820200
31.580490
-381.750975
974.057500
-1555.067000
2103.969750
-2890.373750
3653.234500
-4459.556000
5286.240000
-5891.391000
6399.553500
-6164.149500
5026.092000
-3846.233000
2677.916750
-1891.127500
1298.018750
-1247.783500
1297.543250
-1224.146000
1081.385750
-958.875200
1309.997250
-2120.396750
2397.874500
-2315.171000
1876.597500
-1230.476500
275.828150
237.973275
-354.711375
-132.382450
893.183300
-1626.823000
2445.160250
-3024.620500
3667.067750
-3895.758000
4341.349500
-4866.960000
4938.904000
-4677.161000
3491.523500
-1509.940375
-1136.260875
3538.928750
-5187.206000
5513.240000
-4317.905000
2469.748500
-769.113050
-439.511000
1172.537375
-1057.428500
1290.342500
-2149.439250
3297.823500
-4736.083500
6178.230000
-6898.079000
6553.908000
-5536.587000
3934.352000
-2468.691250
1301.875750
-916.820300
936.353200
-926.033500
1005.411688
-309.845325
-1116.535875
2842.459750
-4252.616000
5409.221000
-5431.164500
4508.009000
-2859.888000
1210.652375
516.605400
-2021.776375
2686.502250
-2764.261500
2306.701250
-1816.465375
657.131250
666.685300
-1460.528625
1736.074750
-1217.858250
348.037225
636.668500
-1113.267250
633.650250
415.929575
-1975.603625
3269.770750
-2967.964250
979.298900
2764.851000
-6891.093000
9722.088000
-10106.778750
7949.272500
-4283.365000
554.638900
1357.426250
-992.827600
-1651.227250
5053.399500
-7612.086000
7884.735000
-5682.044500
1899.716875
2167.345500
-4888.249000
5329.337500
-3356.629750
229.523325
2748.779000
-4403.902500
4682.899500
-3998.345750
3119.678250
-2662.415000
3419.466500
-4844.931000
6069.451000
-5896.403500
4476.615000
-1443.353250
-2349.333000
5719.268500
-7807.156000
7968.355500
-6518.620000
3608.264750
-132.063725
-3294.683500
5819.167000
-6731.552500
6301.928000
-4247.807500
1068.098250
2159.916500
-4708.719500
6029.725500
-5613.425000
3660.094750
-763.820700
-2607.576000
5355.323500
-7035.982500
7421.121000
-6886.326000
5630.009500
-4462.568000
3898.120500
-4028.389750
4843.092500
-5906.442000
6732.606000
-6824.317000
6021.922000
-4561.815000
2897.000500
-1679.932625
1391.046625
-2188.887250
3636.615750
-5054.758500
5785.850500
-5095.014500
3199.976750
-678.049050
-1644.565125
2781.910250
-2669.202500
1532.688250
-286.079650
-248.237050
-219.122200
1437.975750
-2641.858500
3166.717250
-2711.956000
1498.919500
-430.873650
18.281860
-629.505500
2153.366000
-3650.094000
4438.364500
-4199.541000
3007.663000
-1517.083375
544.946300
-474.342750
1225.529500
-2061.855000
2211.201250
-1265.738000
-651.292500
2865.107500
-4299.922000
4411.680500
-3030.590500
929.179700
958.964400
-1748.336875
975.172200
1092.242250
-3428.618750
5183.684500
-5884.799500
5253.278500
-3855.955000
2227.487250
-1078.282750
530.771200
-503.339800
654.866200
-734.376400
634.126950
-397.946775
62.305990
238.340600
-523.987800
853.578700
-1048.433000
1083.032375
-733.699850
74.673705
718.514700
-1318.838750
1546.918000
-993.861100
-187.990263
1679.604875
-2886.935250
3345.169000
-2662.496500
1018.743688
1331.960500
-3763.359000
5483.645000
-6051.864500
5277.731000
-3488.407750
1053.301000
1160.928875
-2759.850000
3291.401000
-2863.305750
1756.640250
-281.365600
-1231.872875
2634.631000
-3736.065500
4470.934000
-4651.090000
4186.026750
-2915.450500
1142.714375
725.798950
-2374.755000
3119.358250
-2678.615500
1056.329125
1348.318125
-3929.134750
5812.412000
-6561.589000
5883.080000
-4043.534750
1770.015125
156.941038
-1226.129875
1193.289625
-155.199038
-1316.991250
2775.428250
-3748.172750
3913.943750
-3439.971750
2473.212000
-1293.651125
294.237925
363.844175
-685.312800
741.416750
-660.488400
708.967550
-836.239850
1023.589375
-1011.138500
633.365700
218.395025
-1356.029750
2428.058500
-3047.341750
3006.714250
-2249.984750
1141.136000
-182.580450
-209.801375
14.200974
647.986100
-1319.734000
1638.107750
-1453.453000
907.391400
-341.740575
240.705575
-719.295550
1664.249750
-2591.437250
3044.802750
-2615.294500
1256.830625
690.805400
-2605.231500
3957.957000
-4481.771000
4058.599500
-2945.972750
1466.165625
-117.720275
-884.044700
1385.516875
-1444.969500
1144.384500
-571.392600
-164.690350
997.416600
-1872.397250
2799.269500
-3649.347750
4352.870500
-4739.160500
4748.552000
-4249.010500
3366.045000
-2069.720750
466.551100
1201.824000
-2688.115750
3732.242750
-4143.996500
3829.660250
-3054.529000
1894.873125
-720.782100
-294.191900
1001.743688
-1470.262500
1603.204875
-1418.479750
1170.686000
-860.985600
551.814600
-353.273925
308.859250
-391.724800
490.897150
-473.521950
150.386475
423.349250
-1078.010250
1594.542000
-1692.076375
1261.127625
-402.307375
-530.208150
1279.627500
-1645.120375
1615.891625
-1329.744125
974.036700
-671.895500
400.202425
68.063845
-672.968000
1458.273500
-2115.555000
2410.822250
-2023.083000
980.156000
252.857425
-1151.147375
1273.482875
-570.212500
-676.967900
1857.851750
-2395.682250
2057.458000
-1122.421375
-64.546785
849.314200
-1019.304625
512.413950
231.584950
-856.313200
913.423700
-516.986450
-17.752441
280.264275
-57.060305
-646.912350
1483.438000
-2158.776250
2242.426250
-1684.487750
706.206850
235.997075
-742.460950
576.972600
39.375885
-838.259400
1593.412875
-2001.642375
1980.139875
-1670.912375
1252.542750
-922.737100
688.588150
-440.958800
130.639988
329.844250
-811.526850
1289.029500
-1487.087875
1248.144750
-660.839950
-131.043463
863.320800
-1268.604250
1182.696250
-550.764400
-311.044800
1134.561875
-1625.987750
1617.358500
-1035.952625
75.723785
1025.575938
-1865.918250
2509.322250
-2737.459500
2589.353000
-2016.283250
1147.073000
-63.634785
-1068.930125
1985.390125
-2551.248000
2606.538000
-2069.119625
921.830100
662.527100
-2324.726500
3674.173250
-4340.913500
4258.548000
-3584.894000
2591.615250
-1718.440375
1323.991250
-1387.505625
1659.466125
-1917.713125
1672.537750
-903.268400
-269.162600
1467.870625
-2344.625500
2472.293500
-1862.992125
714.602650
532.719750
-1522.210750
1915.603250
-1691.979500
998.993000
-47.566530
-798.453900
1269.283125
-1328.587875
1099.468250
-656.173850
91.405820
447.061750
-952.261500
1551.294875
-2107.841250
2454.809000
-2415.315000
1885.361625
-811.318300
-523.039050
1805.825250
-2610.523500
2588.414000
-1693.106500
246.140875
1305.927875
-2421.896000
2748.178750
-2254.275000
1218.377250
-33.065980
-818.698500
1162.991000
-1089.934375
787.755600
-565.144800
723.246600
-1258.815000
1922.011000
-2471.597500
2707.095750
-2625.305750
2409.176250
-2338.823750
2550.432250
-2976.458000
3362.958000
-3430.985250
2928.139250
-1738.305625
264.461800
930.458900
-1564.162125
1301.172125
-310.910775
-1064.452125
2249.610250
-2912.416000
2770.107500
-2044.697750
929.651400
123.223875
-811.355700
993.567900
-703.466050
-6.835526
772.441750
-1407.257750
1643.286375
-1507.685000
1048.253438
-468.454600
-78.128175
360.025625
-317.660525
-46.167480
620.575950
-1272.486875
1689.388125
-1776.183625
1531.492625
-988.762500
287.932125
300.659600
-562.275650
482.692850
-118.734625
-376.138425
743.106950
-785.780500
457.662850
180.294413
-881.697300
1541.646000
-2044.639125
2247.999500
-2070.665000
1549.041500
-623.386150
-454.597550
1534.130875
-2174.020000
2243.815500
-1596.481500
634.401600
302.806025
-773.809000
566.162850
292.462025
-1585.354500
2757.966250
-3365.564500
3180.235250
-2287.633250
1001.468813
307.855050
-1223.122000
1652.405000
-1784.440875
1808.123500
-1990.873000
2264.589250
-2614.036500
2798.788500
-2591.339750
1864.927250
-767.594750
-522.554550
1475.769500
-2042.392625
2113.055750
-2015.053750
1846.410125
-1708.133250
1638.104000
-1527.866250
1136.874250
-368.527500
-541.358400
1264.004375
-1457.687500
1026.273438
-115.816650
-958.440900
1947.008250
-2316.470250
2208.857000
-1739.045875
1148.180375
-917.366200
906.222700
-1225.750500
1507.673875
-1570.642625
1146.070250
-287.724250
-890.496200
2180.534750
-3045.715250
3370.449250
-3021.700750
2291.153250
-1215.794250
191.379400
740.616700
-1358.484375
1583.524875
-1334.983375
972.563000
-367.611325
-230.425425
368.468250
-31.144530
-565.980200
1456.847125
-2193.391000
2329.666000
-1706.155000
377.268850
1126.650375
-2100.611750
2302.911250
-1417.844000
-484.570100
2462.188000
-3998.414000
4559.480500
-3944.130000
2374.878000
-664.230450
-585.252300
975.756100
-642.600100
32.802003
429.710450
-389.065000
-98.496090
710.909650
-1147.038375
1057.852500
-243.969250
-933.045300
1769.180875
-1984.075625
1416.372750
-215.867300
-932.480000
1724.175625
-1751.065625
1157.176125
-376.678475
-146.461300
68.450440
375.449950
-869.884800
1193.683625
-854.278600
12.163574
1193.354500
-2153.740250
2392.230500
-1866.213375
684.818100
633.429100
-1654.252625
2232.071750
-2267.472750
1820.824250
-1201.495625
819.490700
-656.444800
623.963850
-633.500500
536.638200
-183.746338
-114.180175
325.321050
-234.861325
-77.345215
499.544450
-767.541750
750.738550
-361.273450
-419.275875
1084.653375
-1663.099625
1767.685000
-1603.086000
1374.742000
-1035.006125
943.408400
-865.070200
702.399250
-170.754000
-657.947400
1550.587125
-2388.804250
2732.727500
-2611.832500
1964.723875
-1270.313250
728.566650
-822.702400
1428.085625
-2362.431250
3236.283750
-3577.736250
3328.521500
-2566.787000
1593.016125
-949.051500
714.486200
-781.659900
873.467500
-886.595200
411.912850
360.734625
-1177.734375
1772.339875
-1930.977500
1652.745625
-1344.379875
1222.218750
-1390.969250
1850.927250
-2309.006250
2688.863500
-2575.547000
2030.391375
-1233.369875
479.659650
-129.150388
335.618900
-1243.757375
2334.023500
-3199.443250
3808.049750
-3884.467750
3490.351500
-2691.521500
1627.061000
-680.314450
-48.051270
446.508200
-844.783700
1096.097125
-1287.748500
1535.375500
-1846.695750
2090.754375
-2089.889625
1959.983875
-1749.346625
1451.117375
-1112.296125
1006.697500
-1152.640125
1412.496625
-1620.733875
1680.198625
-1613.721000
1403.787500
-1208.936000
1302.228750
-1577.272000
2040.245625
-2357.952250
2350.057500
-1881.595750
1112.964875
-47.128235
-817.360850
1322.974125
-1391.863250
1144.730000
-900.198200
699.680900
-810.312500
1170.026375
-1612.700250
1826.262250
-1805.577125
1527.244375
-1217.757125
1072.455000
-1270.027500
1657.083500
-2206.507250
2489.153750
-2468.097750
2032.632375
-1478.315000
929.568400
-479.037650
176.779113
-29.315858
138.798825
-76.668700
60.635255
-147.897588
325.014525
-456.122700
791.461900
-1015.526375
806.847650
-267.854000
-687.103750
1712.443875
-2463.522500
2595.295000
-2284.297750
1630.430625
-900.689500
564.852650
-542.545550
942.966400
-1315.808875
1425.007375
-1141.637250
634.254750
-48.193830
-206.993288
107.078000
319.474600
-670.182350
766.328850
-413.066650
-337.881550
1191.990250
-1751.985875
1736.811000
-1094.591750
443.435050
-14.471680
104.023681
-685.780750
1628.368625
-2378.095750
2529.422000
-2104.616250
1028.424813
104.541138
-990.082000
1400.996125
-1139.985875
401.000725
262.762975
-614.966150
540.373900
-206.475825
-348.610350
855.439000
-1032.081563
861.966100
-416.485025
-93.367550
349.003900
-576.958750
625.734600
-672.611350
878.516600
-1033.599125
1096.548375
-987.850600
656.555650
-110.839600
-368.543450
565.720450
-468.807000
-72.964110
699.715350
-1213.236375
1358.431125
-904.018300
-1.733887
990.424300
-1793.882750
2171.797750
-2152.260750
1814.249000
-1291.120625
945.406200
-702.009300
718.460450
-788.609850
696.396500
-581.752200
389.435175
-308.086675
344.016225
-494.881100
681.537100
-685.808850
386.590200
70.915955
-564.296400
1026.188000
-1156.681625
1051.689500
-692.223150
165.639925
321.296875
-666.368150
792.086200
-754.051050
497.252200
-231.683450
-143.167913
433.538750
-543.954400
544.313600
-471.145750
441.005000
-334.644525
270.522950
-192.319400
340.936900
-444.277000
665.224850
-1094.439000
1503.523875
-1700.476500
1753.858375
-1549.028750
843.242700
-109.003175
-430.389000
682.816050
-467.114800
19.714111
443.656000
-699.696800
821.032700
-652.545900
403.457775
-289.614250
437.430200
-623.519050
988.931600
-1185.207500
1235.359375
-1030.745625
720.116450
-442.388650
366.076900
-538.402850
768.708000
-849.984900
971.662600
-860.076700
449.755350
-29.590210
-400.009650
712.367900
-828.891600
708.527350
-594.834450
361.478275
-139.271850
-222.505375
613.522950
-1001.422875
1173.877500
-1059.498500
892.967800
-562.188950
317.000250
-153.632325
150.119875
-298.078625
486.228050
-691.538550
832.846900
-629.959250
290.261600
223.702150
-798.121600
1256.958000
-1529.178750
1333.152875
-810.770000
56.681150
503.850250
-842.880500
785.008400
-193.720763
-408.850825
868.072500
-832.870750
351.492675
518.056150
-1301.458500
1738.377500
-1655.155750
945.558100
-103.389163
-681.901100
1148.074000
-1044.817875
414.811900
476.513650
-1311.002000
1760.997125
-1774.480500
1240.724125
-459.238550
-471.216550
1265.687250
-1708.659625
1647.747500
-1004.989313
102.518550
654.905250
-1028.290063
777.731150
39.351165
-1008.042000
1777.281750
-2003.759750
1750.188500
-998.854500
205.547850
360.398800
-530.415900
358.976075
20.516114
-222.926275
48.808105
507.743650
-1143.345750
1634.174750
-1830.358375
1474.315000
-739.371850
-123.541200
886.824500
-1220.189500
935.127900
-348.051875
-480.792950
1262.023250
-1527.162375
1201.702375
-377.427600
-654.417000
1422.977500
-1790.009250
1583.005375
-907.111300
194.677738
348.416500
-574.327650
375.800525
145.101075
-547.936850
767.344250
-454.823750
-239.179200
944.965800
-1381.154250
1352.714375
-622.584450
-561.578100
1771.053750
-2699.227500
2991.873000
-2493.377000
1390.369625
-5.583496
-1222.920875
1774.709000
-1514.829625
508.427500
711.894550
-1681.785125
2123.015500
-1984.114250
1266.875000
-210.430675
-680.049050
1175.120875
-1031.394063
528.030250
57.605470
-437.360350
373.685050
102.684813
-651.299050
1027.651875
-900.530000
174.050775
795.614250
-1640.241250
2116.929750
-1886.345750
1099.124250
-11.540829
-889.368400
1227.448000
-883.215200
111.461300
669.498300
-1114.511750
975.245400
-333.210950
-452.083750
1066.175625
-1198.525500
808.314250
-35.753905
-928.410900
1613.025875
-1739.252000
1285.209000
-521.594250
-287.685050
862.493300
-904.941300
416.298150
235.462275
-798.655750
956.997200
-633.433550
59.770020
602.818850
-1016.952625
1007.940875
-594.840600
18.135071
538.103500
-732.591800
568.684350
-40.234375
-526.700200
977.375500
-1005.306188
694.345700
-63.286135
-591.739400
932.130400
-1001.357875
756.904800
-397.026850
121.512938
33.750733
-70.595315
115.060788
-266.626475
475.900900
-734.696300
972.035200
-1101.542000
976.572800
-709.002950
356.988775
64.344970
-295.611450
293.621100
-173.114125
-94.410280
279.003650
-368.773450
356.414050
-290.044375
291.045375
-302.926250
297.793850
-172.876175
32.967773
191.737788
-392.544425
525.297850
-460.394550
232.523925
33.771973
-205.579350
374.018550
-541.541000
595.632300
-539.870600
484.484850
-338.756725
132.849850
84.481450
-334.431400
443.472150
-490.120000
458.679800
-383.613275
301.271975
-231.125000
219.255850
-342.743175
660.455550
-921.925800
1138.161125
-1066.059625
793.560550
-333.153800
-230.553600
554.483500
-478.491750
22.608033
660.682150
-1370.007750
1650.873000
-1443.757750
742.737300
266.482675
-1053.853000
1398.626000
-1161.760250
436.224600
418.914300
-1072.070250
1226.121125
-909.354500
359.881350
95.231690
-280.385750
119.295175
297.905750
-768.813950
1031.376938
-926.320600
323.366875
449.108400
-1184.667000
1523.923875
-1398.213875
782.129400
41.446655
-709.469750
1077.190125
-1005.212188
459.296900
228.969975
-822.315450
1209.657750
-1167.816375
836.761700
-290.969250
-225.512950
518.443000
-438.324300
49.344085
406.679450
-802.417250
1025.657688
-981.752000
749.354500
-405.366700
105.048338
64.010985
-99.786500
24.267090
111.060000
-356.087150
669.498550
-933.668000
1068.810500
-1096.692375
1048.791000
-826.990250
578.369650
-278.759775
11.812013
149.853025
-218.336400
246.663700
-154.978275
75.846190
3.944336
22.464113
-96.401120
147.754638
-264.419675
403.968750
-457.904800
356.318225
-161.834375
-83.989010
361.104000
-598.534200
737.159650
-627.623800
304.424325
96.065060
-513.498550
848.868200
-1012.003875
970.554700
-814.707050
628.225600
-494.510750
363.947750
-337.431650
321.147450
-321.289800
254.678225
-126.671575
-61.943300
203.551875
-259.144900
267.317200
-154.201563
20.155640
200.322750
-485.594750
678.765600
-748.327150
677.662100
-555.073250
418.331550
-289.552250
181.737300
-106.194275
8.533234
111.585450
-249.497550
342.588625
-373.779300
363.431650
-212.938975
79.729980
52.024900
-70.167845
14.127319
79.024400
-190.418950
273.140675
-229.946350
83.905090
25.434570
-104.552488
142.744450
-143.082338
133.440913
-63.102785
7.011719
84.866940
-174.692138
247.217700
-240.822725
260.652275
-232.851925
141.028438
-4.676026
-67.082155
81.244810
-56.216985
-78.254135
217.076975
-255.774425
174.876225
-68.719725
83.927730
-196.309088
350.738275
-452.334950
488.177250
-370.217275
178.445738
144.655025
-435.622550
564.267800
-456.946550
124.044675
267.762950
-566.039800
643.314450
-451.852800
34.415528
496.360250
-909.537700
1044.357688
-788.936300
309.664375
234.554450
-588.060050
516.969600
-65.373780
-569.167500
1125.789000
-1350.556625
1107.727500
-439.062400
-417.661875
1158.764625
-1584.318375
1539.576125
-1109.183125
468.719750
77.848665
-361.663825
358.810800
-166.091313
-87.423340
336.853400
-472.294150
479.893900
-402.038325
301.074700
-313.560300
427.501950
-550.620100
641.758800
-585.319600
378.021250
-71.915770
-185.892213
366.973150
-380.011975
268.720700
-61.190430
-86.164430
96.099490
70.297605
-410.467775
819.264150
-1107.815375
1220.989250
-1128.711875
898.508800
-520.838850
185.991213
63.811280
-161.536988
40.935180
227.451550
-451.488350
482.484850
-285.790775
-101.498781
610.788550
-1085.582000
1393.530250
-1467.038125
1315.655250
-1001.807625
650.835450
-299.479975
31.259765
58.250460
11.631958
-227.262700
492.901350
-652.392600
707.983900
-659.402600
550.234400
-395.172600
193.148563
-28.551393
44.699220
-89.632320
61.225340
20.881470
-163.177250
294.411625
-464.500500
593.721700
-640.286600
586.241200
-402.343250
216.651550
-51.200075
7.349365
-65.495360
240.509900
-505.328900
688.583750
-797.657700
695.729000
-499.292950
280.612300
-94.296880
81.276855
-207.330075
332.685800
-410.405750
332.357700
-23.849365
-483.252450
1014.441375
-1350.332000
1307.124000
-911.929700
282.974850
338.550050
-677.257800
631.162100
-233.335950
-288.481075
673.840800
-825.490250
769.835450
-466.802250
58.692870
240.510250
-292.706850
126.909413
255.335825
-571.484850
617.085200
-485.094500
115.924325
177.659663
-311.596675
124.202150
167.248538
-447.651600
494.161400
-292.622475
-151.670413
665.611350
-974.382800
1002.461875
-755.709000
244.377450
167.476813
-344.960750
327.079350
-93.403810
-226.405025
446.207100
-476.099100
248.645325
114.889875
-460.570200
582.515150
-416.409900
93.313420
297.545525
-472.864750
309.639650
225.647450
-827.579100
1287.457000
-1300.121125
868.738800
-102.212163
-697.038100
1243.148500
-1334.921875
933.662100
-300.015625
-390.914725
849.868200
-866.839400
537.776850
-131.781250
-157.472163
189.246825
-63.281250
-204.179688
422.865250
-534.586450
444.885750
-121.841063
-171.807125
292.807125
-213.621100
-26.703125
345.121100
-620.199200
646.288550
-529.364500
224.866825
73.903565
-184.709475
162.089600
87.992190
-381.359375
609.672850
-595.726550
347.575100
57.749270
-565.641100
953.640100
-979.405300
626.132800
-61.697830
-573.365250
990.584000
-1106.204125
893.038100
-459.591800
-40.686280
404.509225
-601.415050
557.334950
-427.023200
176.986088
70.571715
-301.833250
419.354500
-426.000000
336.557125
-172.808600
52.415650
18.594299
-128.123413
141.865113
-99.180180
5.283203
82.989135
-205.962000
279.756225
-227.799675
169.821650
-179.820800
189.155513
-307.556150
445.353050
-491.448250
479.653800
-346.822500
154.515875
3.670532
-105.066438
176.117188
-236.100825
241.704600
-201.269525
168.220700
-262.751950
395.250975
-478.369150
483.822000
-358.450925
53.755980
227.627200
-503.603500
643.347150
-527.919900
117.966063
300.602725
-655.449700
835.893550
-778.311500
456.641600
-72.863770
-259.381375
371.486750
-143.290425
-119.698488
452.391100
-601.528800
535.947250
-238.115225
-158.347925
460.446300
-601.091800
553.321800
-429.215350
340.281750
-241.974600
246.347650
-380.092775
467.038550
-444.219750
369.979725
-237.942575
36.009765
78.725465
-14.588776
-97.600460
291.089850
-432.168700
420.298850
-332.090700
82.038635
160.161438
-305.401725
322.860475
-254.621100
63.346925
173.957888
-342.203625
228.810050
-27.485595
-245.808850
468.972650
-513.680900
340.943350
-95.182500
-153.462163
300.402350
-242.244375
28.909425
311.344975
-558.839850
589.625500
-424.372300
147.440188
193.979488
-410.018550
472.568350
-376.952625
98.544770
294.175775
-585.397450
692.880850
-606.214850
379.959950
-89.406740
-173.648925
298.199100
-260.510000
117.928713
-3.736328
3.236328
-96.031250
287.389650
-583.599600
737.789050
-767.801750
682.313500
-399.129400
21.052125
221.365550
-289.423450
190.267700
35.566895
-268.206300
461.739250
-559.898950
492.969250
-397.056150
277.401850
-105.630738
23.678773
0.341843
-14.099854
-88.880740
198.734375
-257.970225
246.182625
-234.981925
151.653325
-119.918463
117.875975
-56.604980
3.116638
37.395080
-126.533325
230.481075
-290.852900
262.907350
-260.134175
246.826950
-168.964863
93.480930
-49.067810
39.791748
-44.994385
-22.380065
118.604488
-178.569825
268.308850
-307.555175
330.604975
-315.205575
243.942375
-150.006350
69.773500
4.182373
-84.483150
92.151370
-20.167725
-115.964600
336.215825
-478.733400
559.833000
-577.862300
568.209950
-454.412600
320.163075
-127.177975
9.286865
72.148085
-81.767335
48.055665
-73.026855
100.654788
-147.764650
206.481938
-245.825675
301.189450
-294.520025
253.952625
-235.292225
180.900150
-156.350588
164.989750
-229.041500
329.752450
-381.949225
391.828125
-297.460025
70.833010
210.530275
-506.993150
652.917950
-645.442400
438.496850
-74.558350
-364.289550
691.273450
-712.410150
495.702150
-90.057620
-323.961425
564.165450
-515.583000
226.815850
146.529788
-523.523450
628.014150
-424.050800
-12.535400
472.081050
-856.423300
986.600600
-742.237300
241.688475
251.327750
-631.982400
788.301250
-573.212900
168.414550
296.055900
-555.742900
561.016100
-320.237800
-86.897550
428.408450
-582.885250
471.991200
-179.938475
-75.831545
241.266100
-190.746813
-14.640748
352.648450
-603.493650
557.903300
-377.077625
108.795413
173.371588
-322.461800
228.239200
33.731690
-343.807850
565.323750
-552.393550
405.299800
-185.531250
19.527588
-0.862305
57.852050
-214.337400
306.678700
-341.401375
326.949225
-256.424325
165.037600
-98.428710
54.052735
-128.398438
168.890625
-138.918213
60.524170
91.134280
-303.303225
353.656250
-358.787100
211.196225
-34.291260
-98.745480
136.763063
-82.414125
-17.510376
141.211488
-179.878363
180.882563
-76.959475
-98.214840
309.814450
-423.863300
457.218250
-308.618650
71.309785
181.761725
-361.206550
373.247075
-257.966300
44.795410
185.340725
-425.862800
575.773450
-627.584000
611.676750
-458.154300
303.594725
-231.899425
164.310175
-114.173575
-25.564943
63.820310
-133.339350
154.777838
-97.044430
10.322144
111.132750
-220.319225
221.261075
-165.829938
16.320160
165.507688
-316.674550
352.495175
-292.063975
124.600188
55.299805
-194.448238
228.028675
-96.411010
-236.960450
582.660150
-837.555650
894.388700
-749.082050
426.161150
-22.573243
-228.312500
252.514650
-43.756350
-267.021475
496.485850
-639.932600
477.331300
-138.738888
-274.025875
610.107400
-702.520500
554.381850
-231.687000
-79.712645
282.961000
-248.191775
17.541748
263.286500
-393.934275
327.288450
-112.452150
-142.047850
338.934825
-349.199950
190.106813
148.855713
-436.986800
652.192850
-576.440900
249.572500
124.496825
-414.066975
519.206000
-323.175200
0.926025
343.333750
-540.883550
441.190900
-181.792975
-164.659788
447.856700
-555.870350
433.180200
-119.835425
-241.926750
512.834950
-564.404300
355.306150
-12.691895
-323.228450
491.337900
-425.904800
194.022463
77.579620
-307.819100
288.936025
-97.826720
-112.810063
292.605950
-309.208000
200.634763
-13.279419
-225.975100
350.617200
-317.782475
171.351813
-5.221192
-120.707400
131.015875
7.479492
-224.400400
406.563475
-510.431650
462.264150
-242.665400
13.378663
148.630125
-186.257075
143.108150
-61.568115
21.419678
-9.786133
25.652345
-72.304200
92.027830
-107.777338
93.713990
-43.564940
17.943360
12.235840
-12.234619
22.192993
21.735368
-58.613035
57.322265
-16.765136
-27.673095
61.180330
-84.540530
22.807618
48.193850
-146.603513
193.021000
-245.521250
255.039625
-187.541625
12.885743
185.164550
-366.029300
437.185550
-361.136225
178.260988
69.034670
-237.012200
303.477550
-198.734125
36.125365
217.306775
-433.293450
509.851050
-430.327150
173.912838
107.636088
-290.619375
318.063475
-164.955288
-113.257813
423.701150
-619.477550
650.311500
-467.142600
156.027350
147.384275
-317.213250
329.122425
-202.743038
-14.220215
156.236813
-183.276850
75.192505
95.830320
-218.475775
218.925475
-99.819700
-111.440925
271.400400
-288.180675
191.044063
14.554810
-235.777100
368.052250
-347.293225
115.663575
204.901850
-468.755850
620.113300
-591.905250
356.260750
-93.159670
-96.462890
120.585450
31.632325
-255.156250
435.165550
-477.982400
316.252375
27.125733
-384.498525
609.915550
-624.151350
436.207500
-135.136963
-148.511388
279.359750
-237.624400
-0.734375
297.602550
-557.251000
657.734400
-517.548850
246.355475
69.252440
-266.594975
293.859875
-163.312988
-54.196535
238.146475
-275.429200
153.840825
80.882325
-326.148925
462.097900
-427.466800
252.670625
-9.964355
-191.577638
268.075450
-172.641725
-36.730195
264.509400
-394.932975
355.298525
-156.640625
-138.853025
393.163075
-486.822250
364.835950
-82.001710
-240.499150
465.859850
-499.561500
316.621100
25.674805
-404.913075
668.048850
-725.738300
559.916000
-240.546875
-89.900390
309.520275
-309.540150
99.294310
199.631438
-460.498950
551.343150
-424.331950
133.874263
192.987300
-417.269050
442.312000
-247.285650
-98.543950
453.256850
-672.083000
684.879900
-486.863300
170.595213
126.258850
-307.975825
318.244150
-194.846925
8.585083
134.212400
-203.926275
160.981688
-53.495970
-68.310915
155.919438
-184.894038
175.157963
-138.526125
122.544925
-138.281988
184.930175
-230.623050
263.452625
-258.966075
190.958125
-106.827050
48.994170
-17.135743
-6.028565
34.564453
-52.250730
59.924070
-39.086488
34.282228
-47.300780
100.903813
-166.875000
248.172850
-330.003900
375.438475
-383.108400
313.473625
-179.613275
37.796630
47.933715
-25.144898
-86.504580
256.304925
-381.815425
409.800300
-300.156250
82.431885
154.296138
-329.519050
361.899425
-224.495125
-12.334778
244.666025
-355.175775
319.972650
-140.191400
-112.451663
318.604000
-410.205075
347.697275
-188.080563
32.734620
20.461181
50.821290
-193.707025
344.551750
-422.404300
362.544925
-161.459963
-97.651370
317.341800
-401.288075
317.606450
-87.259860
-209.447263
426.250000
-504.491200
426.355450
-240.833000
-5.012940
216.027475
-308.822625
252.052125
-67.433410
-150.420900
322.217275
-393.294925
354.789050
-232.041025
75.425780
74.517090
-151.069088
144.477925
-59.571165
-47.005125
125.925375
-139.534725
81.269895
12.923584
-132.497563
242.140125
-313.082025
329.179700
-284.597650
197.559575
-82.898895
-28.995605
114.093263
-161.929688
186.719725
-157.923825
115.419425
-57.334960
6.608887
19.162110
-24.468263
-8.714844
54.315920
-111.261725
167.343263
-206.252438
195.240725
-142.550538
77.513670
-19.240418
-13.343750
6.187256
47.676025
-120.214363
181.164550
-212.669425
184.815913
-121.711675
66.296875
-30.961853
43.242005
-68.319945
105.998538
-128.604000
117.944338
-95.834960
68.946290
-75.816895
90.064450
-117.325200
134.460938
-115.657963
49.729125
46.970215
-139.051275
210.333975
-229.090825
198.169925
-137.603275
50.295655
13.580963
-50.704675
66.073545
-44.605990
4.651306
33.117675
-53.828490
71.677125
-84.517580
99.183110
-136.430425
168.967288
-161.144288
119.980713
-67.953125
9.127563
27.369873
-26.422853
-11.881836
94.695310
-176.375000
205.112300
-163.340825
45.164550
114.619025
-252.779300
303.712400
-248.976550
123.267088
43.906310
-183.837400
228.242200
-150.577150
-29.150513
235.707025
-389.639650
443.159200
-389.508800
216.173825
17.536621
-223.344000
342.082025
-354.170400
238.765625
-70.719970
-91.851010
193.679688
-225.996100
195.236813
-98.623050
-18.484375
100.142431
-101.952788
44.585325
29.875978
-96.029300
132.846675
-125.416750
88.135250
-38.928833
-24.267823
66.660280
-66.260985
-11.284180
122.838375
-204.299800
270.503900
-303.603525
290.580075
-218.740725
80.978880
83.026365
-208.228513
254.566400
-212.367200
89.777340
47.041990
-151.440613
188.592838
-162.906988
57.245970
71.541015
-184.371100
225.310050
-197.753900
99.986690
4.771546
-72.124025
97.253420
-67.850585
-8.595642
90.649660
-166.414550
177.925775
-129.801763
23.259033
84.080570
-168.535650
190.261475
-141.158938
39.439088
73.540525
-156.937013
177.515138
-117.576425
19.725708
83.284060
-180.301025
233.114750
-241.498050
206.215825
-132.241700
60.561035
-21.353028
14.405213
-20.632843
24.045838
-24.198730
15.774414
-22.336425
71.833010
-118.731450
180.701175
-223.911125
236.440425
-210.173825
127.334963
4.434326
-139.200375
219.832400
-216.199700
136.681763
-2.509827
-127.871088
213.697275
-199.479488
99.020020
46.935060
-154.620363
188.404300
-142.516850
24.758453
113.810300
-194.434088
190.758788
-115.143550
2.988159
74.843810
-104.591188
32.194398
84.315190
-192.355475
256.814450
-253.077150
192.945313
-90.107910
7.464112
35.227418
-13.770753
-26.704345
71.742430
-75.592775
15.190430
54.532715
-115.135738
113.947750
-75.989260
12.131836
37.128288
-38.648315
2.626221
53.607970
-96.723140
109.817138
-72.147460
6.742920
55.784180
-64.963380
40.555298
29.395385
-96.791990
127.035275
-109.289488
28.760773
53.602265
-85.051880
47.435790
44.413575
-151.785650
216.823250
-200.887938
100.878169
93.311040
-264.488275
352.038075
-319.462900
177.159913
25.986450
-186.031738
237.457525
-177.267575
34.631835
111.811163
-205.520025
216.447275
-138.791500
19.446289
70.734375
-67.772460
-39.630860
207.414550
-344.247075
375.611825
-264.255725
39.804443
196.315425
-347.021475
337.629400
-164.605963
-104.104488
346.466800
-483.321300
434.666000
-247.728525
-12.125488
236.702875
-319.876475
236.514650
-34.013088
-175.125488
302.880850
-276.923825
110.010250
136.946538
-370.875975
497.820300
-482.871100
317.556650
-95.068360
-104.356688
208.351075
-187.193850
81.285645
51.861815
-144.284300
157.749788
-104.720088
23.058838
44.400145
-62.608645
32.993865
46.351805
-109.575200
119.809575
-56.877930
-55.198975
157.867675
-215.470700
188.589850
-107.777825
14.771973
39.187043
-32.876465
-27.498290
136.184088
-247.000975
297.263675
-267.938975
174.289550
-56.987915
-47.755555
103.041263
-86.086060
19.066711
69.626740
-138.917363
173.621825
-157.650150
99.710940
-28.145753
-37.297853
70.445070
-85.214600
75.016115
-48.767335
17.597046
0.110840
21.775758
-80.141845
144.719725
-189.531738
213.844725
-216.014650
182.035150
-128.941400
76.969240
-47.889160
42.852660
-59.631105
84.204590
-92.884770
75.012695
-32.637695
-13.083008
50.987245
-71.630615
78.769530
-78.856935
92.130370
-127.596675
181.189450
-241.295900
277.443350
-279.771975
229.385750
-141.204950
40.315675
47.876955
-79.176760
53.965575
3.615967
-70.639040
111.985350
-104.175050
70.426880
-14.041748
-39.890870
82.144530
-103.941163
90.938720
-63.618410
52.401060
-74.494505
127.242925
-185.932613
226.750975
-240.700200
231.436525
-195.214850
154.585450
-122.619138
102.388669
-71.258910
20.064453
61.241210
-148.231450
213.208000
-241.238275
215.049800
-129.773438
17.915039
89.166020
-151.828613
128.892575
-39.652833
-89.481610
212.209950
-290.267575
296.115225
-238.953625
152.018063
-51.984435
-18.113525
52.722475
-34.018373
-10.753663
62.140135
-108.113775
110.369625
-78.467775
30.117675
19.588623
-56.367220
87.016850
-99.512210
74.684080
-36.742188
-13.011230
33.392090
-25.914918
-35.618653
123.613275
-200.735838
254.875975
-270.022450
237.593750
-157.798338
37.272095
82.028320
-170.959963
206.831050
-180.624513
100.762569
8.433960
-95.130860
146.985350
-151.527350
115.601813
-55.510010
-9.458740
73.941040
-119.668325
135.997313
-119.360838
99.651370
-83.817385
81.294920
-84.720700
90.995610
-96.896000
90.125980
-73.801880
49.615235
6.651856
-68.575685
99.108400
-76.030275
21.811280
32.410888
-69.590820
90.644530
-84.059080
48.094240
-9.575684
-14.675949
13.337533
9.324951
-37.825195
52.594240
-40.489745
1.226563
46.414795
-83.033205
90.562010
-58.526855
4.134033
28.822755
-31.454345
-8.414551
79.191405
-156.457025
200.166988
-197.423825
142.058600
-58.603180
-38.042238
117.017088
-152.119138
126.345950
-61.153810
-22.644775
88.374020
-118.076663
100.317381
-40.928710
-31.545410
104.170900
-151.187013
164.257813
-142.837888
91.244630
-35.262208
-25.272140
61.528075
-71.382810
61.349610
-48.144530
27.635010
3.426270
-35.425598
54.381835
-55.372040
44.850645
-26.955323
7.741699
14.918213
-24.204590
30.910645
-16.898438
-15.202638
63.804200
-96.694340
109.023438
-97.542480
57.522950
-2.884400
-51.276735
95.751950
-110.043950
100.771969
-61.884520
2.309937
49.779905
-69.246215
49.496825
-4.963867
-42.417970
75.742675
-75.759520
37.038818
12.907471
-76.827635
123.342288
-134.959963
94.966800
-33.321778
-37.806518
79.648070
-89.931880
70.089355
-34.562988
0.890564
28.580323
-49.527345
50.134035
-24.367433
-12.974670
39.178590
-65.375000
98.139160
-142.332025
184.507813
-203.713863
193.459963
-151.227538
79.810060
27.280273
-123.132813
182.201175
-192.243163
143.849613
-64.614260
-29.628418
102.835938
-129.589350
107.750488
-48.204100
-22.916930
90.236820
-133.502925
145.146488
-115.020025
54.859865
8.548462
-49.088380
62.318360
-37.851075
11.187988
1.971680
4.844727
-38.656250
95.537110
-155.959963
202.475588
-206.450200
161.350588
-83.025755
-9.509277
72.179690
-76.198240
32.512635
42.781740
-140.333013
211.280275
-233.883800
202.668950
-133.723150
66.146240
-11.817993
-15.788574
11.137329
10.532959
-18.723633
12.270508
19.559083
-67.421145
94.709990
-95.666750
56.060790
16.782226
-85.252810
125.607675
-116.902825
60.115725
21.543275
-104.131100
154.137213
-158.861813
117.618650
-39.786378
-42.581055
104.949463
-121.651125
106.069575
-88.318850
71.990965
-63.176760
58.948730
-53.201170
45.935545
-42.322755
44.787600
-53.553225
66.988770
-78.770995
91.217290
-86.738590
60.642580
-10.513184
-48.803710
91.242190
-86.815430
49.198240
10.517868
-64.000975
71.444765
-38.894288
-26.035645
96.681640
-138.413575
138.967288
-82.722245
-3.597656
96.912110
-152.874025
159.083988
-110.971675
33.396973
39.887635
-88.016600
105.823725
-90.374510
64.979490
-39.011720
20.328614
-17.091309
27.321533
-32.077760
22.536010
9.259888
-36.119995
44.816770
-27.266113
3.306397
27.848388
-33.534668
15.534668
19.242210
-64.405275
83.620115
-72.204100
35.331055
20.998290
-77.323855
108.553475
-103.909181
50.985840
15.179504
-64.443970
84.490230
-75.892090
35.542970
17.831238
-52.303225
67.282225
-62.076170
55.447265
-61.185060
64.744140
-66.592285
53.379885
-24.810058
-12.303955
45.546190
-53.561280
35.606813
11.759216
-61.279175
91.831420
-94.148930
65.717530
-25.576783
-1.070404
7.388916
16.711914
-46.893065
74.615725
-83.407225
75.396730
-54.171145
28.434128
-9.693436
5.019531
-30.862793
66.282715
-94.826170
107.047850
-87.163090
56.086915
-31.846193
23.972655
-37.355470
53.923585
-47.112550
14.876526
37.227540
-98.502440
141.830075
-150.746100
107.426763
-33.615723
-47.083740
105.399900
-113.718263
64.719725
24.373595
-102.051763
130.419438
-104.668463
37.590088
38.102050
-95.124020
134.580075
-128.340825
79.588865
-37.344728
28.523438
-54.409670
100.353031
-126.015625
129.939450
-111.067375
70.506350
-48.779295
44.630860
-56.303710
85.491210
-104.338869
113.536125
-101.342769
58.493650
-15.624491
-10.908936
16.695313
-6.242859
-18.036133
24.497070
-16.156006
-0.895996
34.084473
-62.224975
55.371580
-24.962403
-9.715820
49.827150
-62.157225
55.110840
-15.493530
-40.425780
77.496580
-87.062990
67.028810
-48.206785
19.045166
-6.027100
8.995117
-16.238770
34.942870
-32.028320
4.095604
52.244875
-105.510738
140.756838
-148.405275
115.517575
-66.222655
8.016602
9.153320
3.239258
-40.524903
90.059080
-123.397950
125.964363
-105.452638
58.375730
-6.167908
-37.438843
52.048830
-55.501220
33.895508
-2.679932
-10.473389
31.278808
-29.023018
20.168701
-12.940491
0.379456
10.850159
-31.733155
38.861573
-48.305910
52.452270
-50.731065
30.356080
7.287598
-28.880370
29.700683
-12.459961
-14.465943
51.110840
-76.674685
63.653685
-26.660095
-18.056153
56.474610
-70.720215
57.101075
-26.353760
-18.933395
55.599610
-71.453125
48.041870
5.680542
-81.916015
152.148438
-192.348638
179.230475
-130.987300
61.174805
5.415528
-45.144530
40.655030
7.507324
-68.237305
125.979488
-156.204100
142.579100
-96.922850
30.574708
12.205566
-29.381348
13.845703
10.277588
-38.837890
48.498170
-25.226990
-23.364013
78.047365
-135.194338
151.421875
-133.866213
88.927250
-23.445923
-37.717163
81.156005
-82.924070
60.312500
-23.543335
-19.028625
54.364500
-80.457765
84.234380
-57.331785
27.366700
1.706177
-19.848541
40.258668
-62.399170
74.216065
-78.847535
67.568360
-44.699465
12.846771
13.570129
-31.101563
34.004395
-17.014404
-11.417114
51.565065
-80.477660
62.435670
-25.945253
-27.999755
61.902830
-72.050050
45.084870
12.533448
-68.485350
110.515625
-99.653320
43.271300
40.071290
-126.049800
176.330075
-173.333988
125.529300
-28.349503
-85.356450
164.738275
-187.626950
154.374025
-80.754885
1.377930
64.559325
-94.743650
73.518800
-26.484740
-30.420898
61.308595
-66.255370
36.470703
10.126831
-45.317750
53.494385
-36.115235
-1.118530
21.655090
-30.524230
18.418610
6.892334
-29.236328
42.364500
-33.921020
4.673096
35.660155
-58.419920
62.993165
-45.807615
15.757080
2.757324
-3.857910
-7.000000
21.638673
-28.063110
22.206543
-2.780762
-15.795654
29.718263
-30.856933
19.404541
5.552246
-31.641845
57.846190
-64.013915
44.432005
-15.487718
-22.031005
59.043945
-78.351560
87.997070
-83.915040
74.778320
-71.864260
68.141600
-65.651855
49.943850
-30.626953
-0.662842
41.060058
-80.410155
110.898438
-118.184575
106.724613
-84.536130
49.709475
-12.001465
-18.260010
30.141845
-27.010498
19.259765
-11.740234
-10.093018
22.306398
-40.093323
57.951415
-57.784180
48.972655
-21.135133
-13.175720
44.378905
-50.657225
44.636230
-26.787720
12.050843
1.267090
2.207642
-23.466460
47.917725
-64.140135
56.889160
-36.787598
0.652222
33.002930
-55.097655
57.938965
-44.679200
12.515138
24.697998
-52.826385
66.975585
-54.170165
22.790528
19.577636
-56.019285
83.161135
-91.754390
87.217770
-64.152345
36.187988
-7.338867
-12.939088
25.807863
-32.554933
29.832030
-17.989258
6.044556
19.298584
-35.729248
46.279540
-41.183595
28.066895
-8.477783
-6.308350
16.276978
-21.121095
9.696312
0.050781
5.835938
-20.917969
43.133790
-64.404295
78.168945
-74.844240
41.375183
3.112793
-57.047850
87.724610
-93.042970
68.601560
-21.729005
-12.165543
41.198488
-54.549315
50.537110
-29.618653
9.141357
10.108276
-15.561158
2.315186
15.195068
-24.695435
19.192321
13.741455
-49.748045
72.940430
-75.658205
63.626955
-43.176270
25.770020
-10.365723
16.549316
-37.227540
58.750975
-66.278320
54.969725
-24.937500
-14.053711
46.052610
-58.068850
45.743165
-14.344238
-13.799438
37.739013
-34.014770
11.953613
20.079713
-48.576255
53.563645
-47.856810
28.465333
-5.620606
-19.510254
30.180665
-28.909180
15.258301
-9.187622
11.849731
-20.341309
26.171875
-27.001465
19.948243
-10.558594
1.483399
2.940918
1.739502
-15.187500
36.460450
-60.238770
67.015870
-53.545900
27.359375
-5.850220
-3.561524
-4.424805
23.485840
-43.111330
59.916990
-58.165525
37.067628
3.729248
-39.405273
61.097655
-67.167970
60.980470
-45.719240
16.539566
5.122559
-14.477539
22.451173
-22.473633
8.455566
-1.380859
-15.080933
34.379395
-53.996095
70.961915
-67.195310
50.073240
-23.471680
-0.109863
11.777466
-15.472168
11.634278
-9.053467
6.713562
-1.799072
1.452149
-16.023681
30.476868
-37.390870
37.870605
-31.960450
34.060548
-35.320800
37.701173
-43.572265
44.809570
-46.059570
35.851075
-17.809570
-6.788574
20.521973
-28.770508
13.808594
3.854492
-20.152344
20.222656
-1.918701
-32.431030
60.440430
-75.769045
71.270995
-45.631835
15.125733
15.994263
-34.701905
33.052415
-10.881348
-11.201660
35.765138
-45.743410
34.244263
-14.698243
-6.689942
19.020020
-33.528808
37.589600
-40.175050
48.961915
-48.746095
54.629885
-39.651368
21.836425
3.710037
-23.089355
26.939943
-19.490723
2.335938
16.177979
-28.311523
37.570008
-24.240723
0.452637
24.823243
-41.577638
46.975585
-38.042238
25.047748
-2.442383
-24.283203
35.457030
-32.697265
21.907715
1.195679
-25.029785
44.211915
-58.666015
58.092775
-56.531250
42.196290
-38.924318
33.562255
-27.133058
22.416015
-22.172853
23.226075
-9.574219
-8.698730
29.935548
-46.037110
53.416990
-47.686525
40.052735
-22.022950
1.981934
14.164308
-23.557708
12.444214
19.113281
-53.462400
81.019530
-85.509770
62.889160
-15.944580
-23.839355
53.167480
-44.969725
28.228515
-1.466690
-28.912475
33.870178
-15.032228
-26.626953
68.617190
-98.865230
100.477538
-75.067870
29.171673
26.127930
-65.558595
89.288090
-74.185545
33.770753
19.651855
-60.541015
91.120120
-94.501950
77.112305
-30.753663
-17.741211
56.324220
-78.017580
72.905275
-54.633790
29.339355
-10.356934
3.972168
-8.572144
13.202881
-26.398438
28.382080
-23.456665
8.581909
8.053467
-20.553223
37.505860
-34.500488
20.769288
-1.672344
-14.051025
16.463623
-28.746583
43.116210
-49.020510
38.667970
-19.209961
-3.368164
22.244385
-41.085450
53.706785
-56.807130
35.215333
0.668945
-29.003905
47.913575
-56.477540
46.770995
-23.702638
-10.923828
40.625365
-52.583250
47.022460
-29.809570
-0.708984
24.430175
-31.373535
17.820313
8.250000
-29.005860
46.668700
-43.634520
24.442138
5.503083
-31.478210
39.802553
-27.623780
1.621338
18.770020
-42.169920
47.297850
-36.350830
7.143402
13.036865
-27.902833
34.798828
-37.948730
35.779540
-24.875568
6.584351
13.634033
-30.440430
31.678223
-23.005860
6.125244
3.527954
-14.925049
15.583984
-25.189453
26.618653
-16.814453
3.325554
20.602539
-36.347168
39.452148
-28.721680
18.438965
0.445313
-7.602501
7.547196
0.263184
-22.819825
45.736815
-56.480470
56.248045
-44.673830
20.226319
13.944093
-43.984865
56.241210
-41.426758
6.330963
24.771973
-43.685060
46.468260
-38.999023
24.167725
6.104126
-31.542970
50.221680
-62.296875
53.813475
-37.159668
12.696045
16.819336
-30.638428
22.919190
-7.506409
-14.488770
33.004883
-42.451660
37.462890
-21.982178
-0.237976
10.970338
-8.355774
3.149902
11.819824
-21.420898
28.626953
-28.371948
17.765198
-1.140137
-24.597168
40.673340
-45.357420
43.607910
-36.174318
27.390138
-5.885742
1.965820
-2.290039
4.559571
-9.540527
9.492188
-18.797851
24.220703
-22.921875
16.020691
-14.765503
9.255981
-1.865234
-1.796875
7.186768
-16.902466
21.273865
-14.733154
0.364014
18.501953
-22.385650
12.514038
2.021240
-8.432617
18.176270
-22.502418
11.245118
2.550293
-25.945800
32.694825
-29.839355
17.279785
2.537110
-12.878174
19.418945
-16.548828
10.916993
-10.109741
2.521729
6.984375
-15.673828
14.964844
-13.636719
5.881134
4.783692
-14.070801
18.726563
-22.947265
14.643066
-10.670410
5.396729
4.127197
-10.240234
4.023926
-0.825928
-9.262817
14.893066
-12.258301
7.098267
8.962830
-29.443115
35.083985
-28.700195
20.947754
-4.278076
-10.600586
14.603394
-19.748779
13.490356
3.739769
-17.764526
21.411378
-9.869812
-2.663330
19.798828
-36.509765
34.982910
-18.029541
-1.644714
10.905273
-13.377441
-0.133682
19.238281
-36.993165
47.759765
-44.975585
29.980958
-6.111084
-25.439453
41.072265
-42.333985
35.204103
-24.420898
12.666016
-3.457031
-4.228516
2.061768
6.358887
-11.682983
11.968873
-12.245118
6.109146
3.848938
-10.901611
11.943954
-4.975983
-1.151123
11.346741
-15.019745
21.154298
-16.483154
13.204590
-10.498048
9.109375
-7.833496
10.637695
-11.625488
10.608154
-6.147095
3.828491
3.301270
-1.558228
-5.285279
10.781983
-10.942139
7.521729
2.239136
-11.498093
22.226090
-23.171478
16.101838
-0.152344
-21.088380
34.688478
-37.049805
27.711915
-9.387207
-3.244019
18.084961
-19.297851
17.093261
-5.714356
-7.038574
7.736084
-8.784729
-1.655487
18.902100
-32.182618
29.244140
-13.381348
-15.745361
45.060545
-58.400390
55.889650
-37.284180
13.601808
13.126465
-36.262695
44.594725
-34.641603
18.555664
5.844727
-28.257325
34.183595
-30.967773
20.007324
-3.682800
-6.723511
12.406738
-23.747315
28.200195
-28.816895
27.299318
-18.669923
8.116211
2.070557
-2.842529
-5.803223
14.880371
-29.116210
39.298828
-37.810548
29.950683
-10.618896
-14.042969
30.169923
-32.734863
24.732910
-5.494751
-8.012940
16.987549
-15.967163
8.678223
6.450684
-24.878418
32.797363
-32.567383
29.625000
-16.117920
4.062744
2.856201
-3.515015
-0.868042
10.513794
-17.117859
16.470581
-14.799073
10.895753
-10.180420
11.575684
-17.133056
10.652100
-1.153503
-11.553223
25.272950
-19.867676
12.839844
-6.187012
-8.000229
16.306885
-21.954103
9.709473
7.633545
-27.968385
35.778808
-33.691895
25.581543
-13.925293
8.557129
-5.700196
8.753418
-16.048828
18.347656
-15.981445
5.791382
1.650635
-11.363281
14.179688
-6.556885
-9.387207
18.625000
-24.722655
25.193360
-17.339844
15.838868
-11.295898
7.542969
-2.211670
1.491943
-3.736572
1.115234
4.640137
-17.489258
26.242188
-28.503663
20.159424
-6.480713
2.396485
-5.072388
2.364746
-10.571778
8.058106
-1.119385
-5.570191
7.333058
-3.703613
-2.451477
14.144684
-18.530151
19.242431
-10.147705
-2.807984
12.108459
-22.745055
27.039918
-16.069336
-7.806153
31.245605
-38.524415
33.938478
-21.625000
-3.706543
22.965820
-32.131348
31.050780
-19.554199
-2.295654
12.596313
-12.557373
5.189453
5.951172
-17.055024
21.006470
-15.999146
1.449127
11.831299
-19.244873
18.680664
-12.368408
5.206238
-0.102783
-3.642700
3.106751
-0.142639
-2.152954
9.425659
-3.014481
2.171997
-4.333985
8.069046
-9.041016
18.309570
-22.018555
13.062500
3.890625
-33.455078
55.867190
-61.091795
44.644530
-18.504395
-5.980225
31.913575
-38.639648
31.898438
-9.752563
-7.682862
24.789550
-31.332763
18.321655
3.131348
-21.780763
38.510743
-44.271485
34.648683
-15.707214
-6.845825
25.274903
-35.781738
31.200805
-20.554688
1.903809
14.777893
-22.517640
21.886963
-18.751099
10.480713
0.660156
-13.808350
23.481813
-19.189698
7.856934
2.550293
-14.240234
29.279298
-37.589845
38.139648
-28.050125
9.697266
16.387208
-37.461915
53.224610
-51.221680
36.058105
-13.331543
-4.923828
14.533936
-18.592529
13.636169
-2.638275
-8.705688
19.228424
-17.861130
12.634476
-0.547119
-13.691406
28.287598
-34.917480
33.757813
-25.043458
10.817383
13.552003
-33.032228
46.295900
-48.491210
38.700195
-19.141601
-4.277588
23.164308
-33.996583
28.025390
-15.904053
-0.124859
20.561035
-33.424805
34.730470
-21.946778
2.294800
17.044678
-33.629395
36.977540
-28.494140
16.494140
-5.361206
-7.037110
12.881836
-20.055664
16.503418
-11.103760
3.738098
2.490967
-8.811035
9.958252
-1.950928
-10.136230
23.189453
-27.457030
24.117188
-17.227051
7.191895
6.169434
-16.298340
20.001953
-17.467285
6.582276
8.473633
-25.394530
36.737305
-41.224610
35.642578
-22.805665
9.529297
-1.466309
-1.390747
2.047546
-2.764710
0.243652
7.143311
-8.913574
9.968262
-9.932861
11.393066
-10.812500
4.965576
-0.234375
-4.766968
12.011628
-16.207275
15.667480
-11.657715
5.460449
5.189942
-12.939453
18.065918
-17.150879
10.058594
-1.911133
-6.217774
9.591797
-8.692505
5.735901
1.454834
-4.256836
2.897461
-0.566406
-2.423340
6.638184
-11.145264
11.854630
-7.624268
-1.571289
11.667969
-24.174805
30.024903
-28.741210
21.191895
-17.316406
14.676270
-16.676758
19.903320
-21.843750
16.393555
-11.509766
6.727295
3.644287
-12.820679
12.189209
-0.427673
-6.874817
12.315918
-10.855469
3.183594
10.440430
-29.842773
41.146485
-40.523438
31.675293
-16.855225
1.083187
11.122438
-13.818329
2.435547
11.424316
-20.134765
22.552735
-18.132813
8.882812
5.234253
-16.116211
21.837890
-17.920899
9.753906
-4.862793
1.119019
-3.522431
10.231445
-14.847656
17.106811
-15.290039
5.668213
3.903320
-12.556641
14.512695
-10.782959
1.359619
9.451538
-10.960999
4.645996
5.953125
-15.644531
21.666993
-19.681153
11.474365
0.766846
-12.739258
17.974610
-12.114503
-1.547363
18.470215
-33.425780
41.664063
-37.785155
24.656250
-10.393066
-0.591309
2.818604
-0.768311
-9.463867
19.996583
-23.742675
19.960938
-14.502930
4.393067
1.498047
-3.380371
1.279785
4.606446
-11.868164
14.098878
-11.301086
6.575623
-1.552368
-5.545777
11.731445
-11.253174
7.167237
-5.960449
8.099121
-13.755859
20.109375
-22.399415
20.666993
-11.169923
-2.147705
12.426148
-19.218261
21.734863
-15.190918
0.760986
16.824219
-28.765625
33.834960
-28.511720
16.003906
-3.217774
-5.148194
8.923359
-8.427124
4.514160
-3.402954
2.576782
-5.569092
10.459717
-15.519775
14.128053
-10.362610
1.369019
7.041016
-13.078613
11.803711
-12.109375
9.361816
-2.963867
-0.117432
1.904823
-3.054566
1.048340
-0.881836
2.442139
-8.497070
10.236450
-6.493561
-2.969483
14.949219
-24.378418
27.454103
-24.073243
14.160645
-3.093994
-6.166626
10.189453
-8.599365
3.273438
0.543213
1.227539
-7.766114
14.561035
-17.729493
13.681153
-6.571045
-4.020569
14.451173
-20.963868
19.669923
-11.442628
-2.044067
13.838868
-20.041260
13.668823
-1.647278
-7.678528
13.038086
-10.412491
4.212403
3.559082
-7.301758
8.381348
-4.475586
-0.911682
5.013428
-7.525757
4.710755
3.073731
-5.146485
7.323731
-3.552246
-4.857178
9.179489
-6.576995
-2.486328
9.352051
-13.847656
15.161133
-14.575684
7.595215
0.746826
-7.963990
9.581535
-3.536377
-8.049805
17.835938
-20.963868
21.015625
-11.070801
-0.027336
9.975586
-13.810548
9.024902
1.247070
-7.842530
14.103516
-15.949219
11.871094
-4.132813
-0.280273
1.662964
-1.039063
-0.996094
4.203369
-9.083450
14.710693
-12.825195
12.292969
-9.977539
6.192383
-0.212402
-4.670502
11.331543
-17.076173
22.863280
-19.600586
14.296875
-7.076660
-1.219635
3.666260
1.701294
-4.664429
8.853027
-13.843750
16.638184
-9.122559
1.771851
5.343262
-12.394043
16.791993
-17.338868
10.747070
-2.966553
2.558655
-5.099121
6.163086
-10.812988
9.289062
-10.292969
5.650879
-4.364014
3.212219
-3.862305
6.185547
-5.208985
2.984367
-0.629395
0.242676
-1.909180
7.728516
-11.019531
14.362305
-13.041260
9.154175
-3.247070
-4.038086
13.113281
-15.884766
13.907959
-10.171021
2.404785
2.509277
-6.970703
7.396485
-4.433441
1.226807
2.113403
0.039978
-3.975952
8.729858
-8.873047
6.678253
3.118408
-14.002441
21.125000
-21.980958
17.952149
-4.310669
-7.852722
15.660278
-16.367798
13.208374
-3.160645
-7.216309
15.613281
-15.284180
11.384766
-9.847900
6.192383
-4.878174
5.525391
-9.355469
9.234863
-6.016602
-3.693451
13.086183
-20.330078
22.484375
-17.813476
8.857422
0.779785
-6.790039
7.397278
-3.094971
0.584961
1.368164
-2.991699
-0.569824
5.059082
-4.958740
4.759033
-1.101807
-4.974121
11.786133
-18.970703
20.488281
-17.508301
4.126740
10.164551
-19.062500
19.819336
-14.926270
4.095093
8.624023
-14.849609
13.048828
-9.255859
2.755127
5.769776
-13.222656
14.878906
-10.386719
4.689453
-3.036133
3.151367
-2.114258
7.365967
-6.544190
6.710327
-1.235352
-2.490692
6.151673
-8.923340
7.723633
-6.748780
2.292969
1.459229
-5.748291
9.645020
-13.032715
13.127930
-13.378906
14.273438
-15.436523
15.110353
-11.517578
6.342774
-1.547119
-4.844330
8.076172
-7.119873
3.662354
1.661980
-5.605957
8.375000
-10.389648
12.013673
-10.574219
7.255371
-2.558594
-1.516480
3.495209
-7.206543
7.158448
-5.124512
3.307129
-1.261719
-0.823731
1.899170
-0.664551
-2.453797
4.970703
-4.641846
1.743286
1.500732
-7.657288
10.222656
-9.134521
4.555542
2.135071
-7.020645
9.404785
-3.885254
1.448486
3.077515
-6.375733
6.610718
-4.336182
-1.586426
7.582031
-13.874023
15.858888
-12.278809
3.039047
2.934326
-6.033203
5.034386
1.255127
-5.299317
4.895508
-3.052979
-3.978211
9.496582
-11.380371
11.720215
-10.319336
8.039063
-1.551758
-1.084351
1.699463
3.038086
-8.357910
13.129883
-11.544923
6.206940
1.893799
-7.657227
11.892090
-12.624023
11.036743
-6.387512
0.137085
4.284790
-3.233154
-0.274902
4.129883
-9.218750
10.031738
-7.114502
-0.128906
5.923340
-9.782227
7.958985
-3.570313
-2.488770
7.916992
-10.378906
9.237305
-3.784180
-4.255371
11.975343
-14.217773
13.185548
-6.941406
1.145996
3.756165
-6.457031
5.010742
-2.972656
0.296875
0.422852
0.902832
-5.615235
11.674805
-13.121094
12.854493
-10.576904
4.376465
0.718018
-4.535401
3.635010
1.931152
-10.486816
18.222656
-19.674805
15.849609
-7.689942
-1.240601
7.733399
-8.869141
6.039551
-1.850586
-2.456543
1.700317
0.495117
-2.875488
5.226807
-6.986817
8.095948
-7.615479
4.632324
-1.353272
-1.866943
0.746582
2.512207
-4.543946
5.412964
-4.708527
3.184265
-0.262207
-0.696724
2.697754
-2.710205
5.900879
-8.411133
10.777588
-12.317383
11.806641
-8.986328
5.267578
-0.957031
-1.870361
3.661133
-5.055664
4.700196
-2.917969
1.222656
-1.117432
1.145187
-1.381104
1.337158
-0.473145
0.005615
-0.807861
3.377380
-7.297364
9.604004
-9.491699
5.470703
-2.998047
-0.575745
0.720215
2.543396
-6.784546
12.991211
-15.593750
13.759766
-8.578125
-1.908203
13.784180
-20.597656
23.091798
-18.916993
11.769531
-3.739746
-1.366211
-0.511719
6.781250
-14.830078
18.527344
-16.799805
8.780273
-0.761231
-6.269043
6.256836
-2.593750
-3.312073
9.180176
-8.702148
4.255860
3.499024
-11.283203
13.425049
-10.982423
3.993164
1.205078
-2.592285
2.157227
2.086426
-8.591675
13.656678
-13.096191
6.399903
3.958008
-13.337891
17.336426
-14.877198
5.430329
4.059815
-9.655273
10.764404
-2.041382
-8.447754
18.910156
-21.121095
14.522461
-3.689209
-9.763672
16.276368
-14.016603
7.263184
3.358399
-11.209473
10.361816
-1.846191
-10.274414
18.420899
-17.841309
10.678955
0.128418
-11.524903
16.339844
-16.160645
7.497498
2.493897
-8.194824
8.721680
-2.958450
-5.285156
11.194336
-13.001953
8.045410
1.602661
-9.386230
13.469238
-10.467773
1.253906
8.947754
-18.107910
18.924316
-12.790528
4.296143
6.524887
-11.564209
10.617676
-6.233155
-1.850342
9.690430
-10.433594
6.714112
2.553467
-10.445312
13.966798
-12.487305
5.980103
2.743897
-7.864746
7.883789
-1.573731
-7.436585
13.561523
-13.708984
6.985230
2.765137
-13.194336
21.534180
-21.547853
17.130860
-8.635742
1.246582
3.826904
-4.976074
2.653809
1.395874
-1.522339
0.325806
0.601318
-3.169922
4.514649
-2.857910
-2.267578
9.083008
-11.191406
11.059570
-8.300781
4.684571
-1.114990
-1.063965
0.804443
2.115235
-5.866699
8.671387
-7.230225
3.242981
1.517578
-5.359314
4.338135
-0.442383
-3.931152
7.265137
-9.685059
6.259766
-0.029053
-6.613281
11.357423
-13.818359
13.292969
-7.543946
2.291504
0.923828
-3.762695
5.386719
-5.958985
6.802735
-7.221680
6.827149
-5.829590
4.058655
0.125000
-3.727051
8.129883
-9.870605
9.942383
-5.604492
-0.553955
5.207520
-5.863770
2.855225
0.838379
-3.131897
5.004639
-3.986084
0.527954
4.311280
-8.216309
10.099609
-8.635254
3.839844
1.391174
-4.706055
3.819328
-0.844482
-6.143067
11.051758
-12.810548
12.269531
-9.173828
5.142334
0.040771
-4.351563
5.624024
-4.453736
1.594971
1.768066
-5.578614
7.382324
-6.354004
4.481934
-3.304688
4.598633
-5.219727
5.717774
-5.811524
4.853516
-2.142822
-2.340271
5.322632
-7.833496
8.192139
-8.082764
5.661377
-5.035645
4.787598
-5.751953
8.283203
-10.440918
9.676270
-5.403565
-0.003967
4.914307
-8.284180
8.575195
-8.151367
4.571289
-2.212891
0.170410
0.654785
1.876465
-5.267578
10.417480
-12.604004
10.887208
-7.731934
1.880615
4.170899
-7.698242
5.662110
-0.505859
-4.550537
9.077148
-11.325195
12.167969
-10.412109
6.246094
-2.780762
0.347412
-0.065674
1.101440
-3.157959
3.022949
-1.619141
-1.319336
4.332031
-7.595948
9.914062
-11.751953
11.474609
-12.375000
11.865234
-11.948243
9.313477
-7.718750
3.455200
-0.988403
-1.307373
2.073242
-3.842774
3.454102
-2.579834
-0.036499
1.668884
-1.261353
-2.443848
5.605957
-8.141602
10.958008
-10.697266
7.852051
-3.527229
0.438477
0.752441
-1.108399
-0.605377
4.244629
-6.565918
7.644531
-6.941895
4.446900
-0.979492
-4.054688
5.465821
-3.914551
2.116898
0.406738
-1.975830
3.388428
-3.410401
0.941772
1.206909
-3.794647
3.904602
-3.133667
3.203613
-3.919922
5.794922
-7.317139
7.377320
-5.965576
3.934082
-0.409912
-2.806641
3.960205
-3.183560
-0.733398
2.848633
-3.500244
4.453614
-3.461182
2.051025
1.222656
-3.610413
4.526947
-3.516113
1.295654
-0.864502
1.076172
-4.335938
6.499024
-8.349610
8.588867
-8.472656
7.599610
-3.692383
1.824219
-0.533203
-0.845825
2.451172
-5.146973
3.223145
-1.423828
1.285156
-1.103516
2.180176
-1.707275
2.120850
-1.458496
0.365234
-1.338135
2.697266
-4.043884
4.272705
-4.524903
4.322998
-2.592957
-0.502441
2.442383
-2.445313
2.244141
-1.917969
2.867188
-2.746094
4.354248
-3.923828
3.558136
-3.366455
1.924072
0.243652
-1.107422
-0.005859
2.551331
-4.565674
6.165528
-5.989746
6.979492
-5.961914
3.777832
-3.560547
2.926270
-1.648438
1.086182
0.629395
-2.033936
4.070313
-5.933594
6.613281
-6.078614
6.348633
-6.794922
6.665528
-5.946289
6.563477
-7.013672
5.919922
-5.838867
5.202149
-5.506348
4.173950
-1.453369
-1.133057
2.977783
-1.095337
-0.366303
0.717651
0.373596
-1.887207
4.038086
-7.262696
10.062500
-10.233398
8.829102
-5.006348
1.706299
1.172852
-0.990723
0.122559
1.205811
-2.886719
5.599610
-6.274414
4.512696
-1.588867
-1.215149
4.854248
-7.005371
8.309082
-6.900879
5.851074
-2.948242
0.152344
1.416016
-1.437500
0.404785
-0.084473
-0.468262
0.938843
0.971375
-3.720581
6.291992
-6.115235
4.914063
-3.604492
1.877930
-1.268066
1.742188
-2.872070
4.793946
-5.787110
6.333985
-4.623047
2.717774
-1.858887
2.615723
-3.211365
3.746796
-2.393189
0.484985
1.994141
-4.201660
5.207031
-5.374024
5.160156
-4.684571
3.046387
-1.026611
-1.172363
4.515625
-6.249024
6.502930
-3.997559
-0.084595
2.103150
-4.512573
4.109863
-2.954834
1.064453
0.124023
0.081055
-0.557617
2.483399
-5.095703
5.625977
-5.419434
2.413574
1.006043
-4.368408
5.251709
-4.377075
2.024597
0.766113
-2.259766
3.407715
-2.645508
3.083496
-1.260498
-0.563599
2.425781
-3.124268
1.650879
-1.114487
0.106873
-0.718079
1.732010
-3.361572
4.048096
-4.251953
3.401611
-0.414627
-3.560059
6.167481
-7.432617
4.858399
-1.563477
-1.464111
1.558197
-1.051552
-0.055664
1.862305
-3.612793
4.896973
-4.944336
4.187988
-2.798241
0.248535
1.281494
-1.629150
-0.212402
2.408203
-4.781250
5.870117
-4.043945
0.652832
4.528321
-6.942383
6.966797
-4.871094
1.406738
1.545532
-3.000488
2.127930
-1.727539
-0.364258
2.043213
-2.401047
0.503113
0.811279
-2.562256
3.407837
-1.858643
-0.580322
3.432617
-5.089600
3.010010
-0.362675
-2.325195
2.415772
-1.937988
1.776978
-0.968018
-0.559570
2.193360
-2.942383
3.682129
-3.534424
1.132980
1.007080
-2.250000
0.799072
1.009644
-2.858643
4.377930
-4.113281
2.061524
1.451660
-3.135010
2.820801
-1.769043
0.677246
-0.254883
-0.387817
1.316895
-1.458496
0.785645
0.737061
-2.264099
3.408203
-3.456055
4.574219
-3.818360
2.723633
-2.135742
0.951660
-0.916626
0.273804
0.580566
-0.750977
0.904297
-1.556152
2.138672
-2.323242
2.023926
-0.898071
-0.710938
2.055664
-1.271973
0.753906
-0.151855
-0.560913
1.971069
-1.787598
1.240723
-0.515625
-0.085938
-0.330322
0.968262
-2.591526
2.568421
-1.986878
1.501038
-0.727112
-0.828674
1.899170
-2.709168
2.359429
-1.251183
-0.493652
1.733887
-2.541260
2.300293
-1.913574
0.228516
0.146484
0.216064
-1.595459
2.684326
-2.133392
0.677673
1.096191
-2.307007
1.873657
0.299744
-2.027878
2.864807
-2.531494
1.855591
-0.038574
0.040161
-0.821289
1.664551
-2.049072
0.790710
1.411865
-2.945068
2.459229
-2.283692
1.770020
-1.543945
1.049805
-0.883789
1.085815
-1.702026
2.259522
-2.560791
3.577637
-3.484375
2.767578
-2.828125
2.852539
-2.762695
1.812012
-2.123169
2.338257
-1.082275
0.305664
-0.015869
-0.490845
1.862793
-3.736328
3.686035
-2.763184
2.246582
-1.889404
1.436646
-1.548279
1.572327
-1.499878
0.279297
-0.307373
1.328857
-2.744385
4.260742
-4.339844
4.526367
-3.457031
1.421387
0.923950
-1.456055
2.291992
-1.810547
1.547852
-0.353516
0.789475
-1.836792
2.577026
-3.610108
3.570801
-2.422852
2.416504
-2.322998
0.959961
0.153809
-0.432617
1.306641
-0.568848
0.385498
-0.046387
-0.397461
0.011230
-0.286133
0.139404
0.616333
-0.275871
1.470337
-1.552246
1.511963
-2.397461
3.118652
-4.602539
4.460938
-3.524841
2.537598
-1.266602
0.315918
-1.554688
3.717774
-4.716797
5.146973
-3.541382
0.586426
2.410156
-5.110352
5.719727
-5.084961
2.884277
-1.221924
0.627930
-1.052002
2.014649
-2.960449
3.305176
-3.191895
3.022949
-2.748535
1.939453
-1.204224
0.655273
-0.053223
0.047852
-0.583740
0.675293
-0.061615
-0.458984
2.090576
-2.796875
2.704590
-1.150108
-0.694946
1.398193
-1.007324
-0.563110
3.971924
-5.805664
4.378418
-2.175293
-0.976074
3.458435
-3.844483
3.373535
-0.588379
-2.261231
2.962769
-1.892273
-0.905518
2.966919
-4.682862
3.699707
-2.827637
2.684570
-2.128906
1.307617
-0.739258
-0.323364
0.688232
0.099121
-0.891113
0.734375
0.252441
-1.574402
0.906250
0.096191
-1.552979
2.645752
-1.772339
1.892761
-0.494506
0.345459
-0.687744
0.770508
-0.809570
1.378418
-2.127930
2.034180
-2.340332
0.752564
2.344727
-3.670899
3.552735
-2.399414
0.817871
0.827515
-1.189941
0.881348
-0.348022
-0.660400
0.740234
-1.184570
1.869141
-1.393066
1.611328
-1.734558
1.808960
-1.730225
0.988281
0.433594
0.691406
-1.091797
1.073242
-2.379395
2.480835
-1.079285
-0.983765
2.118775
-2.083984
0.881836
1.451660
-2.814453
3.064942
-1.933594
1.378418
-0.800781
-0.705811
1.045166
-0.734863
0.231873
0.273560
-0.025085
-0.489868
0.768280
-2.651367
3.568360
-3.299805
2.628906
-2.252442
0.595947
-0.511719
0.186035
-0.296875
0.311157
-0.501953
0.947754
-1.432617
0.766602
0.576965
-2.027832
2.303711
-0.863281
-1.058594
1.825638
-1.747315
0.836914
0.503418
-1.940399
3.281983
-3.291016
2.336914
-0.228516
-0.287109
-1.431641
2.967774
-4.112305
4.110352
-3.612305
2.019043
-0.558106
-1.408203
1.886231
-2.695313
1.455078
0.983063
-2.685547
3.497559
-3.281250
1.592774
-0.692383
0.371094
-2.050781
3.422852
-3.485352
3.107422
-2.298340
-0.046997
2.480469
-2.851563
3.048340
-3.703613
2.893067
-0.770508
0.093750
0.440430
0.855469
-3.133789
4.195313
-3.507324
1.807861
0.566406
-1.541992
1.677246
-0.801073
-1.176270
3.289063
-4.460938
4.505860
-2.150391
-1.194092
3.181397
-3.772949
1.949585
1.498047
-2.729004
3.833985
-2.131348
-0.614380
2.957764
-3.805176
2.317627
-0.270844
-1.646240
2.236817
-2.531738
1.864868
0.045654
-1.329590
1.500977
-1.515137
0.446960
1.057617
-3.043457
3.202637
-2.419434
0.699219
0.797127
-1.671875
2.159668
-1.435547
1.057617
0.058594
-1.079590
1.319229
-0.494141
-0.864136
2.530106
-2.810303
2.621582
-1.008789
-0.960938
1.724609
-1.100586
-0.219727
1.223145
-1.953919
1.470459
-0.473633
-1.095215
2.488037
-2.202942
1.262695
-0.145508
-1.186524
1.553223
-2.062256
1.589722
-0.014526
-1.011841
1.426270
-0.352539
-0.531250
2.234863
-3.776856
2.822510
-2.215088
0.221436
0.855713
-1.378418
1.616699
-0.723633
-1.087341
2.734345
-2.619934
0.999451
0.882813
-1.324829
0.792969
-0.532959
-0.472168
1.729004
-2.569336
2.915283
-1.931763
-1.041260
3.479981
-4.305664
3.490235
-0.714844
-1.738037
3.044190
-2.977051
1.870606
0.292969
-2.197067
2.635986
-2.047852
0.254395
1.521912
-2.096436
1.871094
-0.724487
-0.990967
2.005859
-3.154297
2.759766
-2.055664
0.886719
0.659821
-1.096924
0.580414
0.042725
-0.932129
1.988037
-1.839722
1.322022
0.154785
-1.982422
2.827637
-2.394531
1.415466
0.055054
-1.525513
1.337402
0.208008
-3.162110
5.198242
-5.360840
3.404907
-0.528564
-1.888672
3.620117
-3.114258
1.119629
1.076660
-3.736328
4.230469
-3.508789
1.178223
1.275879
-2.876796
2.818970
-1.391602
-0.000732
0.354980
0.005371
-0.968750
2.587891
-4.642578
5.162110
-5.121094
2.764649
0.016602
-1.828613
2.265381
-1.836914
1.122070
-0.165039
-0.404297
-0.651856
1.758789
-3.094971
3.425537
-2.390442
1.156738
1.197510
-2.042969
1.684082
-0.063232
-1.751465
2.542420
-1.708740
1.262940
-0.331299
-0.618713
1.064575
-1.685303
1.778565
-1.210449
0.147095
0.431519
0.261719
-1.804688
2.722168
-2.723633
1.605713
-0.408981
-0.820313
1.902832
-2.195801
1.267578
-0.161896
-0.842773
0.505859
0.424072
-1.417481
2.526367
-2.984375
3.421875
-2.878418
1.341675
0.342285
-1.129395
1.361816
-0.587402
-0.378540
1.306152
-1.395996
0.860352
0.570923
-1.568848
3.044922
-3.211914
3.298828
-2.132813
0.538574
-0.185059
0.605469
-1.514649
2.485352
-3.103516
2.647461
-1.016602
-0.375305
1.233154
-1.206787
0.408203
0.119995
-0.398682
0.029053
0.473633
-1.694336
2.289063
-2.834961
2.188599
-0.516602
-1.057129
2.136719
-2.200195
1.691406
-0.733398
-0.828369
1.508362
-1.243286
0.985779
-0.307556
-0.891113
1.497803
-1.261719
0.321686
0.449951
-1.004639
1.355957
-0.900879
0.328613
0.407593
-1.347656
1.047852
-0.975098
0.525879
-0.252441
-0.253571
0.588150
-0.937378
0.610107
-0.670532
0.406494
-0.091064
-0.114258
0.534912
-0.869629
0.941406
-1.396484
1.296875
-1.261231
1.084717
-0.653336
0.312256
0.216919
-0.178421
-0.364258
0.921875
-1.500488
1.764649
-1.362793
0.720581
-0.076355
-0.699585
0.290527
-0.114990
-0.096779
-0.411987
0.584717
0.195801
0.077881
-0.024658
0.169189
-1.084229
1.338867
-1.281738
1.341309
-0.759277
-0.141235
1.008789
-1.276856
0.899414
-0.838379
0.765991
0.223633
-0.394043
0.380859
-0.291870
-0.254395
1.166992
-2.295899
2.834961
-2.314453
1.659180
-0.296448
-0.109131
0.474854
-0.532227
0.341064
0.480331
-0.604469
0.543701
0.775635
-1.621094
2.402344
-2.635742
2.032227
-0.964356
0.117920
0.598145
-0.644043
0.228271
0.453880
-1.058838
1.724609
-0.947754
0.516602
0.083984
-0.493164
0.300781
-0.514648
0.364990
0.056992
-0.170410
0.015625
1.204102
-1.404739
1.332275
-1.055664
0.416504
0.278809
-0.852539
1.117798
-0.973633
0.831055
-0.581055
0.411133
-0.767578
0.599854
-0.825928
1.404053
-1.233887
1.021851
-0.483124
-0.123352
-0.005341
0.155029
-0.978760
1.646240
-1.536133
0.824219
-0.043381
-0.431885
1.114258
-1.380859
1.742188
-1.419922
0.872070
-0.674805
0.613770
-0.649902
0.408203
0.020386
-0.278076
0.555664
-0.460693
0.306152
0.529297
-1.295899
1.397949
-1.317383
0.842773
-0.476074
0.610352
-1.056641
1.294922
-1.650879
1.596680
-1.348633
1.182617
-1.278320
1.483399
-1.097656
0.401367
-0.451904
0.318115
-0.132813
0.416260
-0.769043
0.928711
-0.314575
-0.304688
0.720215
-1.183594
1.306152
-1.047607
0.612183
0.273926
-0.805176
0.936035
-0.385132
-0.294189
0.647705
-0.726318
0.153381
0.489014
-0.657158
0.542969
-0.226807
-0.550293
1.191406
-0.806885
0.713867
-0.420654
-0.093262
0.155273
0.048828
-0.203613
0.226563
-0.002739
0.106689
0.184570
-0.420410
0.848583
-0.790039
0.114258
0.859375
-1.423828
1.696289
-1.404785
0.822022
-0.193604
-0.546387
0.933838
-0.687988
0.180176
0.951294
-1.090271
1.006531
-0.554565
-0.723877
1.813477
-2.265137
1.648926
-0.318359
-1.065918
1.697266
-1.910156
1.080078
0.026367
-0.928284
1.524658
-1.249024
0.415772
0.128784
-0.798828
0.620117
0.078613
-0.581116
0.843018
-0.865234
0.452637
0.199829
-0.845459
0.832764
-0.544678
-0.072754
0.783691
-0.772461
0.456787
-0.205673
-0.514648
0.931641
-1.658203
2.011719
-1.686035
1.092285
-0.224854
-0.361816
0.132141
0.234375
-1.077149
1.876953
-1.833008
1.587891
-1.027832
-0.181396
1.220703
-1.854004
1.437012
-0.298141
-1.078613
2.042969
-2.016602
1.013916
0.527588
-1.943359
2.520508
-2.119141
1.339844
-0.487305
-0.205322
0.335938
-0.324463
-0.161865
0.522461
-0.525909
0.478699
0.180542
-0.503784
0.485596
-0.710571
0.327881
0.295898
-0.615234
0.747070
-0.630859
0.406250
-0.117188
-0.381836
0.605103
-0.489868
0.271301
0.224121
-0.268799
0.226563
0.173706
-0.846405
1.364136
-1.398315
0.796021
0.296143
-1.305664
1.883301
-1.724609
1.146484
-0.495605
0.081299
0.266357
-0.106445
-0.126953
0.404785
-0.594238
0.709473
-0.875488
0.678711
-0.418335
0.313232
-0.224365
0.078613
-0.207947
0.338135
-0.421631
0.512695
-0.439453
0.423584
-0.448105
0.084717
0.256348
-0.662598
0.599121
-0.338745
-0.065186
0.372314
-0.395020
0.546387
-0.743164
0.718750
-0.691406
0.425781
0.107330
-0.844727
1.300781
-1.478516
1.623047
-1.707031
1.410156
-0.828857
0.217041
0.503662
-0.824707
0.611816
-0.510010
0.292969
-0.297119
0.190889
-0.113220
0.137451
-0.116882
0.413330
-0.693848
0.580566
-0.137207
-0.151611
0.267822
-0.556152
0.659180
-0.720703
0.541016
-0.119629
-0.076172
0.495117
-0.497070
0.475586
-0.205566
0.045898
-0.092529
-0.318848
0.258789
-0.229004
0.093018
0.271790
-0.520996
0.798340
-0.616943
0.331055
-0.083984
-0.023438
-0.308594
0.741211
-1.340332
1.362793
-1.416992
1.457031
-1.181152
0.994141
-0.512695
0.185791
0.054138
-0.239258
0.341309
-0.402344
0.574707
-0.663574
0.499512
-0.546387
0.105957
0.203613
-0.385376
0.374023
0.092285
-0.461914
0.971191
-1.312439
1.575684
-2.035156
1.804688
-1.546875
0.992188
-0.800781
0.660156
-0.477356
0.330444
-0.440918
0.350342
0.002441
0.042114
-0.059937
-0.060791
-0.254883
0.252441
-0.295898
-0.326660
0.563965
-1.041504
1.622070
-2.047852
2.118164
-2.137695
1.858399
-1.234375
0.850586
-0.673828
0.435669
-0.783814
0.718750
-0.954834
0.633301
-0.221680
0.068359
0.213867
-0.264526
0.524809
-0.503540
0.261719
-0.416260
0.472656
-1.017090
1.381836
-1.629395
1.587402
-1.394531
0.953613
-0.428711
-0.038574
0.555664
-0.425171
0.233643
0.047363
-0.470703
0.302734
-0.167725
-0.031372
0.180557
-0.206024
0.370667
-0.183167
0.177765
-0.057739
0.411133
-0.717773
1.051758
-1.009277
0.587891
-0.026367
-0.555664
1.212891
-1.303711
1.259766
-0.882813
0.478027
0.192139
-0.392090
0.336426
-0.042236
-0.379639
0.512451
-0.272064
-0.140137
0.732910
-0.959961
0.877930
-0.827637
0.510254
0.000610
-0.190430
0.379395
-0.240723
-0.001953
0.417725
-0.732910
0.589356
-0.221191
-0.066223
0.384277
-0.437500
0.483398
-0.389648
0.388672
-0.290283
0.098450
-0.053711
0.228760
-0.232666
0.347046
-0.290070
0.052246
-0.174072
0.173584
-0.352295
0.683106
-0.755859
0.931641
-0.998535
0.746704
-0.594482
0.216797
-0.144043
0.068359
-0.101318
0.156006
-0.194824
0.221436
-0.236816
0.071045
0.149780
-0.373291
0.671631
-0.617188
0.435547
-0.550781
0.496094
-0.548828
0.591797
-0.599121
1.020752
-1.119629
1.266113
-1.367676
1.250977
-1.218750
0.890625
-0.403320
0.145508
0.011475
-0.054443
0.164551
-0.316895
0.579102
-0.540039
0.595093
-0.376465
-0.047363
0.208008
-0.286133
-0.100586
0.246826
-0.504150
0.850098
-1.059570
1.243164
-1.147461
0.887695
-0.814941
0.589844
-0.394043
0.311768
0.011536
-0.353272
0.805664
-1.287598
1.245606
-1.143555
1.085938
-0.611267
0.431641
-0.125488
-0.033203
0.015625
-0.107422
0.046631
0.107361
-0.464722
0.532715
-0.740723
0.474213
-0.210205
-0.066406
0.268311
-0.128601
0.129395
-0.063477
0.323975
-0.689026
0.833984
-1.350586
1.320313
-1.243164
0.863281
-0.126953
-0.525147
0.969727
-1.023438
0.662598
-0.101318
-0.103226
0.318359
-0.199219
-0.170410
0.108398
-0.374695
0.386230
-0.645508
0.786621
-0.498047
0.377441
-0.218750
0.279785
-0.337715
0.343018
-0.179688
-0.301758
0.470703
-0.724609
0.732910
-0.786133
0.856445
-0.735352
0.549805
-0.301147
0.274460
-0.258301
0.325928
-0.305908
-0.067871
0.219238
-0.356445
0.498779
-0.314209
-0.112015
0.363770
-0.674561
0.610352
-0.217285
-0.079346
0.561279
-0.738892
0.538574
-0.341431
0.224365
-0.347900
0.433443
-0.410156
0.377441
-0.350098
0.292480
-0.141113
0.019897
0.213379
-0.407227
0.606934
-0.553711
0.510254
-0.432617
0.169189
-0.232666
0.142212
-0.142334
0.314941
-0.399414
0.715820
-0.838867
0.890137
-0.534668
0.144531
0.199829
-0.206787
-0.015625
-0.065430
0.051758
-0.250488
0.371094
-0.250488
0.306152
0.122803
-0.172363
0.195557
-0.198486
0.029175
-0.064514
-0.120361
0.037598
-0.024338
0.136032
-0.143066
0.402832
-0.415527
0.543457
-0.666504
0.745117
-0.630859
0.791992
-1.035156
0.984375
-0.917969
0.550781
-0.231445
0.193359
-0.068359
0.224609
-0.363281
0.379395
-0.175293
0.035767
0.249023
-0.519531
0.613281
-0.712891
0.681641
-0.603027
0.588867
-0.624786
0.630371
-0.384522
0.177734
0.220947
-0.420410
0.502197
-0.318604
0.076660
0.047363
0.165039
-0.151367
0.179092
-0.143799
0.123535
-0.056641
-0.118164
0.415039
-0.285156
0.358398
0.036133
-0.442871
0.639648
-0.702148
0.437500
-0.256348
0.250000
-0.242676
0.233398
-0.172363
0.066101
0.206055
-0.357422
0.471680
-0.557617
0.555664
-0.647461
0.532959
-0.198608
-0.411621
0.648438
-0.819336
0.483398
0.196106
-0.574219
0.821289
-0.789063
0.585938
-0.230713
-0.084473
0.345703
-0.666992
0.449219
-0.195313
-0.085815
0.142578
-0.034668
-0.134277
0.627930
-0.668945
0.484375
-0.163574
-0.342773
0.463867
-0.702148
0.630859
-0.399902
-0.055664
0.357910
-0.858398
1.163086
-1.042481
0.434692
0.043945
-0.467285
0.412598
-0.161255
-0.098236
-0.044189
0.149170
-0.696289
1.057617
-1.273438
0.891602
-0.510742
0.076660
0.204224
-0.345703
0.127930
0.177734
-0.665283
0.989746
-1.197266
0.871094
-0.635742
0.141602
0.237305
-0.408936
0.267212
-0.236328
0.160645
-0.224609
0.184082
-0.262695
0.276367
-0.446533
0.482178
-0.609924
0.284058
0.009277
-0.439453
0.350586
0.084106
-0.354004
0.547852
-0.582031
0.410156
-0.136230
-0.108887
0.269226
-0.344971
0.427246
-0.386719
0.334961
-0.302734
0.236328
-0.265869
0.407349
-0.375977
0.286133
0.212891
-0.536133
0.682617
-0.605469
0.244141
0.148193
-0.335205
0.472168
-0.547363
0.450684
-0.153320
-0.102295
0.443115
-0.387451
0.209961
0.212158
-0.348694
0.338135
-0.132813
-0.294006
0.560425
-0.520508
0.529785
-0.230469
0.028687
0.309814
-0.393555
0.368652
-0.238770
0.084473
0.134583
-0.085388
0.031982
0.283691
-0.290894
0.130310
0.084717
-0.103516
0.174316
0.063477
-0.343994
0.488525
-0.363770
0.316406
-0.046875
-0.156616
0.292480
-0.252930
0.116943
0.186951
-0.345703
0.433105
-0.303955
0.042725
0.335938
-0.715820
0.804688
-0.712891
0.543945
-0.231445
-0.075928
0.159668
0.051270
-0.112061
0.465088
-0.668457
0.682129
-0.578369
0.342987
-0.143555
-0.011719
0.070313
0.008057
-0.106873
0.272705
-0.261719
0.260254
-0.062012
-0.120850
0.298553
-0.446167
0.449707
-0.594238
0.570313
-0.624512
0.719727
-0.920898
0.859375
-0.738037
0.668701
-0.404419
0.337097
-0.232544
0.234863
-0.342773
0.443848
-0.431152
0.108459
0.292969
-0.649902
0.648438
-0.669434
0.562775
-0.461182
0.525879
-0.480469
0.621582
-0.823242
0.910156
-0.901367
0.741211
-0.831055
0.571533
-0.478760
0.300171
-0.203369
-0.006226
0.277344
-0.311523
0.454102
-0.436523
0.501953
-0.651367
0.785156
-0.957520
0.787598
-0.811523
0.562012
-0.435181
0.375916
-0.357056
0.590271
-0.731934
0.661621
-0.524902
0.425293
-0.315430
0.215332
-0.183594
0.003906
-0.033203
-0.177490
0.196411
-0.270264
0.229004
-0.204468
0.273041
-0.350830
0.439941
-0.483398
0.459961
-0.445313
0.234283
-0.099609
-0.196289
0.266602
-0.278320
0.083984
-0.002319
0.007813
-0.095215
0.271484
-0.373779
0.368897
-0.212219
0.055908
-0.151855
0.281738
-0.550781
0.580078
-0.538086
0.274902
-0.077881
-0.045410
0.107788
-0.097900
0.097900
0.069824
-0.214844
0.129395
-0.065430
-0.142822
0.234619
-0.372070
0.296875
-0.244141
0.155762
-0.019287
-0.043457
0.250000
-0.445313
0.496582
-0.456055
0.362305
-0.273438
0.106445
-0.295898
0.492676
-0.698731
0.645752
-0.493225
0.327881
-0.215576
0.114868
-0.100098
0.129395
-0.115723
0.003174
0.081055
-0.303223
0.536133
-0.540039
0.467773
-0.506348
0.411804
-0.367310
0.199707
-0.206299
0.257813
-0.216797
0.278320
-0.309814
0.332642
-0.276855
0.210693
0.055664
-0.217285
0.310791
-0.384766
0.307129
-0.300293
0.370117
-0.397461
0.618164
-0.717285
0.747559
-0.523193
0.308044
-0.034210
-0.005371
-0.069458
0.119629
-0.263428
0.202759
-0.008022
-0.228699
0.418823
-0.459839
0.451805
-0.261597
0.248291
-0.100830
0.168579
-0.320435
0.409302
-0.547363
0.478394
-0.263794
0.031494
-0.005859
-0.090088
0.075294
-0.098633
0.242676
-0.295898
0.498047
-0.425781
0.244995
-0.246582
0.204590
-0.263184
0.296204
-0.371826
0.225098
-0.279297
0.306152
-0.076904
0.006592
0.194489
-0.143188
0.141846
-0.239746
0.299316
-0.477539
0.528320
-0.651856
0.501465
-0.393066
0.377441
-0.400391
0.579102
-0.507324
0.340820
-0.051636
-0.153320
0.348877
-0.241943
0.171326
-0.177734
0.051270
-0.096191
0.204346
-0.324707
0.500488
-0.550781
0.613281
-0.503418
0.425293
-0.258301
0.172119
-0.072754
-0.134277
0.192383
-0.299072
0.155579
-0.074646
0.109558
-0.138428
0.397461
-0.678711
0.746094
-0.625977
0.382324
-0.221191
0.083984
-0.149902
0.212891
-0.154785
0.144531
-0.152527
0.048218
-0.066650
0.040649
0.002991
0.027466
0.028198
-0.097412
0.153564
-0.319336
0.413086
-0.408203
0.455078
-0.339355
0.250488
-0.180420
0.092285
-0.146484
0.131104
-0.083008
0.179443
-0.296387
0.346191
-0.215576
0.190918
-0.028320
-0.067871
0.185059
-0.170898
0.060547
0.079590
-0.267822
0.278564
-0.126953
-0.003052
0.263550
-0.288208
0.378296
-0.180511
0.099731
-0.034180
-0.109131
0.070557
0.039795
-0.091797
0.162102
-0.179138
0.071655
-0.006042
-0.071228
0.120972
-0.092163
0.089722
0.031372
-0.033813
-0.082733
0.123901
-0.162476
0.152344
-0.120117
0.052002
-0.090698
0.159546
-0.175539
0.284424
-0.238770
0.233887
-0.239746
0.211914
-0.193359
0.253326
-0.205078
0.104004
-0.063477
-0.043457
0.041016
0.083496
-0.100586
0.108398
-0.027100
-0.200684
0.358398
-0.353027
0.339844
-0.213440
0.092773
-0.067871
0.004395
-0.043945
0.087646
-0.148804
0.303955
-0.350098
0.375977
-0.120270
-0.098877
0.292480
-0.301270
0.256592
-0.239502
0.181412
-0.168884
0.185913
-0.298096
0.562500
-0.668945
0.784180
-0.763672
0.556641
-0.218506
0.023682
0.005859
0.048828
-0.220215
0.262817
-0.167725
0.056152
0.168945
-0.360352
0.395752
-0.509277
0.541992
-0.482422
0.495117
-0.586914
0.621094
-0.634766
0.637695
-0.572266
0.479492
-0.329102
0.180176
-0.102051
0.014893
-0.036011
-0.005859
0.079834
-0.225586
0.304932
-0.284912
0.269775
-0.213135
0.230713
-0.302246
0.304932
-0.278748
0.183777
-0.194061
0.186279
-0.197266
0.165527
-0.108887
0.047119
-0.018127
-0.008545
0.084473
-0.096191
0.109985
-0.223755
0.122314
-0.156250
0.134766
-0.080933
0.024902
-0.086121
0.067383
-0.166260
0.177246
-0.146973
0.144531
-0.116058
0.103027
-0.183838
0.172241
-0.182373
0.035339
-0.096191
0.159668
-0.152832
0.094238
0.063965
-0.076172
0.052002
-0.045898
-0.014648
0.007813
-0.037109
-0.021484
0.036621
-0.090820
0.084961
-0.146973
0.211426
-0.215332
0.067383
0.188965
-0.271484
0.345703
-0.412109
0.399414
-0.425781
0.370605
-0.323730
0.351563
-0.345703
0.371094
-0.425781
0.532227
-0.481445
0.299805
-0.077942
-0.029785
0.109497
-0.150391
0.085815
0.029663
-0.083313
0.057709
-0.007813
-0.129883
0.212158
-0.237305
0.223633
-0.184570
0.173828
-0.197754
0.197266
-0.223877
0.270508
-0.170532
0.005371
0.178223
-0.366211
0.369141
-0.202637
0.006836
0.191895
-0.268311
0.169556
-0.120361
0.046875
0.108887
-0.151367
0.146973
-0.188110
0.169067
-0.221680
0.237305
-0.199707
0.311035
-0.438477
0.457031
-0.512695
0.584961
-0.460938
0.357422
-0.328125
0.139526
-0.102051
0.056152
0.030762
0.025146
0.033302
-0.045166
-0.020752
0.000732
0.068604
-0.136230
0.300842
-0.395996
0.421875
-0.488281
0.524414
-0.517578
0.472656
-0.452148
0.405273
-0.454590
0.372314
-0.121826
0.055176
-0.017578
-0.030273
-0.039063
0.010254
0.073486
-0.144531
0.358398
-0.404297
0.441406
-0.520508
0.472412
-0.349487
0.183716
0.062988
-0.143066
0.061035
0.022949
-0.051270
0.120605
-0.015625
-0.084961
0.185791
-0.281006
0.250855
-0.137207
0.169678
-0.142822
0.185547
-0.166016
0.280273
-0.362305
0.391602
-0.338867
0.209961
-0.133789
0.036377
0.051758
-0.055664
0.019531
0.008789
-0.104004
0.076172
-0.128906
0.139404
-0.070190
-0.073730
0.119629
-0.222656
0.204590
-0.138916
0.040527
0.081787
-0.105957
0.013428
0.054199
-0.172363
0.160156
-0.053711
0.001465
0.110046
-0.192322
0.092407
0.007813
-0.147949
0.161621
-0.083008
0.023438
0.014160
-0.087158
0.067383
-0.040039
-0.089844
0.168945
-0.222168
0.154297
0.009521
-0.150879
0.314453
-0.392578
0.244141
-0.101563
-0.135681
0.352539
-0.349609
0.250977
-0.087891
-0.088379
0.158752
-0.150146
0.091797
0.099121
-0.236877
0.260010
-0.203613
0.020020
0.000244
-0.050049
0.070801
-0.025879
-0.038086
-0.009277
0.008057
-0.072510
0.084229
-0.100098
0.067261
0.012939
-0.095703
0.155762
-0.200195
0.123535
-0.011230
-0.108093
0.209961
-0.223145
0.204102
0.007324
-0.154785
0.142166
-0.121582
0.099731
-0.002075
-0.008301
0.032227
0.031738
-0.104492
0.156738
-0.194824
0.212891
-0.172821
0.137695
-0.052734
-0.010498
-0.001465
0.034180
-0.132813
0.196289
-0.182617
0.136230
0.027100
-0.073486
0.145508
-0.195801
0.157959
-0.114014
0.138672
-0.045898
0.065430
-0.114258
0.109863
-0.122559
0.088745
-0.074707
0.011230
0.071289
-0.120117
