-5016.000000
-4402.244000
-7373.317000
-4532.133500
1461.806500
604.230050
2189.631500
3003.502000
5197.394500
7617.741000
6122.565500
5694.241500
4468.614500
2213.378500
3487.967000
-3957.199250
-9103.195000
-10004.478130
-10920.538750
-8844.217000
-2220.415000
-2045.146375
-2121.466750
-2631.700750
-9042.014000
-8997.043000
-6199.661500
-2990.063000
335.467175
1576.496875
-455.862450
451.810950
-464.787950
-2196.535750
-2382.843750
-2424.653250
-933.540300
832.579600
3327.992500
1980.334500
2947.118000
2028.203125
3818.201750
6887.591000
4590.736500
2361.651000
869.486600
-2313.911500
-1098.740000
-1164.447250
193.203125
3165.317750
2748.912000
5814.480500
4545.054500
3163.182500
1152.428750
-1008.913125
-162.976200
-2286.011000
-1452.370125
-1391.291000
-2289.761250
-2378.420000
-3438.730500
29.442870
-2349.934500
-1783.604000
630.245600
-438.982550
746.302250
1814.319875
1530.379375
599.128900
754.023050
-238.235300
-551.077650
1678.410125
1181.396500
163.970700
1261.926000
-145.742438
-496.123900
704.551250
463.841050
589.136000
-640.984400
-1250.282250
-1542.820250
-763.403550
-327.072025
1433.386750
2051.997125
783.404800
648.652850
283.456425
-643.409200
-1493.568375
169.779425
-362.859875
-1405.918000
832.418950
-544.442150
121.428225
1391.626000
-218.389900
705.224100
-784.416000
-273.871825
186.079588
-535.830100
1365.544000
899.418500
512.653800
791.432600
-241.555675
-209.880125
-643.564700
-723.649400
60.547850
-163.865475
-430.906750
-140.627863
71.330565
-95.682250
374.499750
1071.879875
921.042000
122.794313
-345.376475
-203.553225
-1112.336875
-360.560300
181.538575
-621.765600
-422.105200
280.241200
527.406500
615.358400
1139.104500
474.061050
-330.595225
61.074830
-23.592575
-35.636720
-84.022710
54.106080
-32.796600
344.607900
868.564900
-316.907350
403.913575
479.863050
192.444088
683.156750
848.268100
-244.583500
511.777350
657.563500
-416.852050
203.699225
-807.666500
-529.815650
216.463875
391.856700
434.025650
377.120600
-186.477175
-838.804200
-275.360600
-848.769000
84.968260
358.340825
-98.938480
-327.189200
-615.151350
1.106079
460.153550
985.157200
957.929700
344.104500
-235.067875
-853.013700
-1518.682625
-967.728500
-333.651125
-122.727288
28.648438
-181.789550
-976.649400
-993.019500
-654.254400
-546.906750
-32.761720
301.620850
45.705200
-152.185300
-526.033200
-438.201650
-275.158200
-282.333500
-220.383800
-313.717775
-149.408200
-39.970460
-83.973570
-99.664920
209.521488
166.828613
714.554700
514.174300
111.815800
-178.910150
-166.498050
-63.664550
357.196300
352.058600
112.417363
-61.846680
-473.942400
122.587650
-389.058100
199.105225
131.758300
-359.396475
149.216313
-193.189938
-238.253900
27.447023
-92.896730
-78.239745
88.416500
72.453615
81.725585
307.876950
497.845700
496.908200
541.797850
369.886725
137.061038
-66.610350
-46.196775
-82.061280
172.346438
203.270513
-48.233400
11.040528
-134.914550
14.708984
106.336913
73.684080
-234.206550
-141.196050
-34.671693
-1.511231
314.622075
331.382800
101.458738
119.589600
200.981688
199.665038
404.550775
482.740250
119.616700
47.434080
191.666500
-44.978025
219.062000
81.450195
-253.001475
-310.276850
-191.092288
-19.537598
176.047850
219.986325
51.786135
-231.300300
-480.794900
-256.749025
-132.682125
-21.945313
132.545413
83.483885
-92.386720
-105.325438
-94.073240
-204.064450
-157.770025
-51.308105
-175.062988
63.976075
267.208000
244.051750
369.614250
214.550775
252.723625
8.850708
-160.015625
45.802735
-137.578125
-28.294923
221.748050
8.347290
133.101563
145.423825
-43.516600
-1.536621
-70.817870
-185.765625
-190.725588
4.295532
-18.441406
75.896485
51.695310
-26.591308
-61.691895
-110.925288
39.643678
24.027833
28.691895
87.827390
19.548706
36.219970
42.619630
-96.750000
-35.034668
-160.258300
-115.270025
66.624510
-3.831787
135.511225
110.878913
16.605713
83.122070
34.096193
6.536621
125.835938
81.412600
13.610353
35.283203
-113.887213
-95.032230
32.525025
56.688965
52.151610
4.306153
-153.181638
-149.407225
-134.605475
-50.092285
77.312500
45.107420
151.979488
148.471675
11.790528
-30.687988
-16.633056
-80.150880
-57.803710
-48.466065
-108.679688
-107.528325
-105.660638
-70.606935
-34.173340
-30.920655
17.069214
66.024415
81.793945
84.189450
86.705080
85.368160
31.748048
58.042970
16.874024
-66.014650
-53.463380
-21.867675
-78.563475
-54.157225
4.171143
-66.853025
-11.841064
-32.625488
-56.203615
-69.538085
-42.177735
-61.815430
-61.696290
11.555664
4.728760
55.305665
96.867190
79.972655
36.003905
48.604490
0.457642
23.430420
13.670166
-35.155273
0.634766
1.890625
-23.356933
-23.334960
-13.331055
-66.785155
-63.436525
-41.886230
-16.476319
-40.252930
-32.053223
-32.622070
-31.862305
-50.173340
-51.462400
-44.990235
-81.053710
-33.335450
-21.273925
1.656128
39.503418
27.471680
31.988280
56.550780
39.992188
17.694336
9.311157
-25.839845
-30.099610
-9.251465
-12.038574
3.062500
12.314698
-21.760255
-8.917969
20.400390
7.960938
38.375000
10.454834
12.170898
18.981445
9.154297
33.873048
2.161621
-7.509278
-21.385255
-45.037110
-30.408203
-34.712890
-25.141603
1.331116
-15.334473
13.665039
12.770020
4.265625
27.645508
17.731934
19.178711
3.931519
2.642700
7.272949
7.017090
4.529297
13.184083
9.072021
4.403321
7.681885
1.297974
8.984863
-11.873779
-3.313965
-12.801758
-13.734375
-1.044434
-1.020752
21.951660
4.402710
6.332276
5.206543
-13.221191
-15.040039
-19.533203
-4.296387
-6.929444
10.257812
8.390625
-10.924805
5.304199
-11.596680
-0.420410
14.712891
16.156250
17.716798
7.007569
-8.610352
-11.120118
-13.417969
-14.194336
-7.399903
-3.455811
-5.450684
-7.220215
-8.767090
-22.791015
-19.081055
-12.420898
-1.849609
8.252442
9.022461
13.280273
8.682617
3.414795
14.248048
8.689453
12.920898
12.350586
2.109253
5.565430
0.290894
-3.075440
7.219727
5.455078
5.813477
7.396973
-1.056702
-2.474610
-5.295410
-11.126953
-4.587891
-7.330078
-9.869141
-5.566406
-8.231934
-9.120117
-7.065430
-9.318359
-8.972656
-5.250000
-1.346924
3.450195
1.633423
3.800293
1.879395
3.098633
4.221680
0.328369
5.083985
4.750000
3.600586
10.039062
3.725586
3.573242
4.811524
1.056152
3.966309
2.385742
-0.819580
-2.100586
-5.239746
-7.216797
-1.464356
1.634766
5.103516
8.050781
4.749512
2.886719
3.382813
0.061035
0.313965
0.854004
-2.219727
0.177490
2.142090
3.361817
5.518555
2.427490
-0.681641
-3.635742
-4.157715
0.005859
1.222656
2.770508
-0.350586
-0.578552
-1.498779
-1.346436
1.399902
-0.983643
1.561524
-0.556641
-3.383789
-5.318360
-8.312500
-6.400391
-5.034180
-2.466797
-1.844238
-1.509277
-2.350586
-2.598145
-0.735596
-1.212402
1.116455
0.673096
0.471924
1.716797
-0.114990
-0.392700
-2.499512
-1.291992
-0.092804
1.343262
3.591797
2.150391
2.822266
1.758301
0.811523
0.516357
-1.249024
-1.084473
-1.754395
-2.345703
-1.599609
-2.015625
-1.761231
-0.791504
-0.478760
-2.351563
-1.712402
-1.439941
-1.133301
0.620606
0.626221
0.392456
0.748291
0.979981
1.637695
3.058594
1.454102
0.677734
0.840820
-0.320068
0.395508
-0.221680
-1.823242
-1.485352
-1.376953
-1.597656
-1.450195
-1.893555
-1.295899
0.216309
0.984863
1.508789
0.988770
0.737793
1.373047
1.165039
1.197266
0.272217
0.128357
-0.165894
-0.131104
0.558106
0.247559
0.678711
0.744141
0.528320
-0.043701
-0.727051
-1.240234
-1.352539
-0.440674
-0.388672
0.232422
0.142090
0.141724
0.347168
0.291992
0.457031
0.357422
0.539063
0.280518
1.147461
0.865234
0.903320
0.758789
0.650391
1.250977
1.135742
0.957031
0.451172
0.326660
-0.198730
-0.422363
-0.057129
-0.081055
-0.084717
0.339600
0.086670
-0.337891
0.102417
0.033691
-0.112305
0.180420
-0.066406
-0.372070
0.039917
0.004822
0.118774
0.343750
-0.039795
0.317383
0.174072
-0.263672
-0.145508
-0.425293
-0.524414
-0.166992
0.161865
0.282227
0.303711
-0.030090
0.025391
-0.049072
-0.332031
-0.018188
-0.203857
-0.193359
0.012207
-0.419922
-0.444336
-0.451172
-0.694336
-0.484375
-0.285645
-0.080566
-0.069336
-0.258301
-0.210938
-0.150635
-0.124023
0.094727
0.169434
0.149902
0.262695
0.069336
-0.118408
-0.241699
-0.289063
-0.042542
-0.006104
0.010986
0.014160
-0.098755
0.014160
0.294922
0.386719
0.291992
0.279297
0.177734
0.153320
0.300781
0.260742
0.310547
0.326172
0.323242
0.286133
0.199219
0.041992
-0.093262
-0.093262
-0.078125
-0.008301
-0.061035
-0.154297
-0.127441
-0.084961
-0.024902
-0.114746
-0.172852
-0.040039
0.015869
0.003174
-0.115234
-0.215820
-0.218750
-0.116211
-0.036133
-0.035645
0.094238
0.014893
0.004883
0.034180
-0.069336
-0.123047
-0.109375
-0.010986
-0.009399
0.042969
-0.023193
-0.052490
0.014282
0.016602
0.073730
0.045410
0.016602
-0.037842
-0.053223
-0.007568
0.025635
-0.049316
0.014526
0.033691
0.008301
0.061035
0.000854
0.014404
0.097656
0.128906
0.118164
0.092773
0.080078
0.062500
0.057129
-0.011353
-0.028320
0.003662
-0.018188
0.010620
-0.000488
0.008789
0.050781
0.075195
0.090820
0.046875
0.051758
0.041992
0.067383
0.065430
0.055176
0.049316
0.015137
0.072266
0.066406
0.040039
0.030273
0.015381
0.035156
0.033691
0.035645
-0.016113
-0.044922
-0.006592
0.020508
0.031006
0.026855
-0.037109
-0.043945
-0.014648
-0.029297
-0.016113
0.003113
-0.025879
-0.012451
-0.004395
-0.052734
-0.027832
-0.049316
-0.024902
-0.001465
-0.017822
-0.008545
-0.009277
-0.013916
-0.025879
-0.020020
-0.008301
-0.007813
0.009766
-0.004150
-0.011719
-0.041992
-0.054688
-0.017090
-0.005737
0.018555
0.046875
0.039063
0.030762
0.021484
0.021484
0.031250
0.032227
0.024414
0.004395
-0.005127
-0.001587
0.005371
0.018066
0.013672
0.000000
-0.010010
0.010986
0.004150
-0.022461
-0.008789
-0.016113
-0.046875
-0.029297
-0.030273
-0.016602
-0.004517
-0.002930
0.015625
0.022461
0.025391
0.019531
0.020508
0.003174
0.009277
0.021484
0.009766
0.011719
-0.007813
-0.024414
-0.016113
-0.014648
-0.004395
-0.002869
-0.004150
0.000488
-0.021484
-0.017578
-0.024414
-0.018555
-0.009766
0.003906
0.009277
0.006836
-0.002930
-0.008789
0.000244
0.003662
0.009766
-0.001953
0.002563
-0.005127
-0.003662
0.004395
0.008789
0.015137
0.010254
0.002197
-0.004395
0.008789
0.006104
0.012695
0.009766
0.001221
0.010254
-0.004883
-0.008789
-0.002441
-0.001953
0.001373
0.006592
-0.000977
0.001465
0.013672
0.014648
0.012695
0.007324
0.000732
-0.009766
-0.003906
-0.011230
-0.006836
0.000732
-0.004639
0.001221
-0.007324
-0.010742
-0.013672
-0.008789
-0.001709
-0.003662
0.001465
0.009766
0.007813
0.003174
0.005371
0.001953
-0.003662
-0.001953
-0.005859
-0.013672
-0.005859
-0.005859
-0.001709
0.003906
-0.004883
0.001343
-0.000732
0.000000
0.001221
-0.002197
-0.001221
-0.006836
-0.002930
-0.000732
0.003906
0.009766
0.007813
0.002686
-0.000244
-0.004883
-0.007813
-0.004883
-0.004883
0.000488
-0.000122
0.000732
0.005859
0.001953
0.004395
0.005859
0.004883
0.005859
0.007813
0.002930
0.002930
-0.000488
-0.003906
-0.000488
-0.001709
0.000977
0.001953
0.002197
0.000244
-0.000977
0.002930
0.001953
0.002930
0.000244
-0.000488
0.001953
0.001953
0.001465
0.004395
0.000244
-0.002930
0.000488
-0.001953
-0.003906
-0.000488
-0.001343
-0.000488
0.002441
0.000488
-0.000732
0.000977
0.000977
-0.003906
-0.000977
0.000977
0.000977
0.000977
0.002930
0.002441
0.000977
0.002930
0.003418
0.002930
-0.000366
-0.000488
-0.000488
-0.001465
-0.002930
-0.003906
-0.000977
-0.001221
-0.002930
0.001953
0.000000
0.000977
0.002441
0.000244
0.002930
0.001831
-0.001221
-0.000244
0.000732
-0.000732
0.000854
-0.002930
-0.001953
-0.000977
-0.002441
-0.001709
0.000977
0.001953
0.002930
0.002930
0.002441
0.001953
0.000122
0.001953
-0.001953
-0.003906
-0.001953
-0.003906
0.000000
0.000488
0.000977
0.000732
0.000854
-0.000977
-0.001465
-0.000488
-0.000977
0.002930
0.001953
0.001221
0.000977
0.000977
0.001465
0.001465
0.000000
0.000977
0.001221
0.000000
0.000000
-0.002441
-0.001953
0.000122
-0.000977
-0.001953
-0.001953
-0.001709
-0.000488
0.002930
0.001953
0.001221
0.000488
0.000122
0.000244
-0.000488
0.003906
0.000732
0.000610
0.000244
-0.000122
-0.000488
-0.000977
-0.001953
-0.000977
0.000000
0.000977
0.003906
0.002930
0.000977
0.000000
-0.001465
-0.001953
-0.002441
-0.000244
-0.001709
0.000488
0.001953
0.000977
0.001953
0.000977
-0.000732
-0.000732
-0.000732
0.000732
0.000977
-0.000732
-0.000488
0.000977
-0.000244
-0.001221
-0.000732
0.000305
0.001953
-0.001709
0.000244
0.000000
-0.001953
-0.001953
-0.002930
-0.002930
-0.001465
-0.001465
-0.000488
-0.000488
-0.003906
-0.002441
-0.001465
-0.000977
0.000977
0.000488
0.000732
0.001465
-0.000488
0.000244
0.000000
0.001465
0.001953
0.001953
0.002930
0.002930
0.000977
0.002441
0.000488
0.001465
0.001953
0.000000
0.002930
-0.000244
-0.000977
0.000000
-0.002930
-0.002930
-0.001953
-0.002441
0.000000
-0.000977
-0.002930
-0.001953
0.000977
0.002930
0.001465
0.001953
0.000488
0.000977
0.001953
0.002441
-0.000732
-0.002930
-0.003906
-0.003906
-0.001953
-0.001953
-0.000732
-0.000244
-0.001953
-0.001465
-0.002441
-0.000977
-0.000977
-0.002930
-0.000732
-0.000732
0.001465
-0.000732
-0.000977
-0.000977
-0.001953
-0.002930
0.000000
0.000000
-0.000488
0.000244
0.000488
0.001953
0.003906
0.001953
0.001953
0.000488
-0.001465
0.000000
0.000488
0.002930
0.000977
-0.000488
0.001953
0.000977
-0.000244
0.000153
0.000977
0.000977
0.000977
0.003906
0.001465
-0.000244
-0.001465
-0.001953
-0.001953
-0.000977
-0.000732
-0.000488
-0.000732
0.000244
0.001465
0.002930
0.001953
0.001221
0.000000
0.000000
-0.000488
-0.000244
0.001221
-0.000183
-0.000732
0.000000
-0.001465
-0.001953
-0.001953
-0.000732
-0.000488
0.000977
0.001953
0.001953
0.000977
0.001465
-0.000488
0.000000
0.000977
-0.000977
0.000732
0.000000
-0.001953
-0.000977
-0.000549
-0.000488
0.001465
0.000488
0.000977
0.000977
0.000977
0.001953
0.001953
0.000977
0.001221
0.001221
-0.001953
0.000000
-0.000977
-0.001953
-0.001465
-0.001953
-0.001953
-0.000977
-0.001709
0.000244
0.000488
-0.000977
0.000366
0.000000
0.000488
0.001465
-0.000488
-0.001953
-0.000977
-0.001953
-0.001465
-0.000488
-0.002930
-0.001465
-0.000732
-0.000854
0.000488
-0.001953
-0.003906
-0.001953
-0.001953
-0.000488
-0.001953
-0.000977
0.000122
-0.001465
-0.000488
0.000000
-0.001465
-0.000977
0.000000
0.002930
0.000732
0.001465
0.000977
0.000488
0.001953
0.001953
0.000977
-0.000122
0.001221
-0.000671
-0.000977
-0.000488
-0.002930
-0.001953
-0.000488
-0.001221
0.001221
0.000488
0.000732
0.000488
-0.000977
0.000000
-0.001953
-0.001953
0.000244
0.000000
-0.000488
0.002441
0.000977
0.000977
0.001953
0.000000
0.000977
-0.000488
-0.001465
-0.001953
-0.001465
-0.001953
-0.002930
-0.001953
-0.001221
-0.000244
0.002930
0.000488
0.000732
0.000244
-0.000488
0.000244
0.001465
0.001465
0.000000
0.001953
0.002930
0.002930
0.001953
0.001953
-0.000610
0.000000
0.000488
-0.000977
0.001465
-0.000122
0.000122
-0.000488
-0.001465
-0.001953
-0.001953
-0.001465
-0.002930
-0.000977
-0.000488
-0.000732
0.001221
-0.000977
-0.000977
-0.001465
-0.000732
0.001465
-0.000977
0.001953
0.001953
0.000977
0.000732
-0.000244
0.000488
0.000977
0.001465
0.000977
0.000488
-0.002930
-0.000977
-0.000488
0.000000
0.001465
0.000244
0.001221
-0.000488
-0.000977
0.000244
-0.000977
-0.000488
-0.000977
-0.002930
-0.001953
-0.000244
-0.000244
0.000000
0.000732
0.000488
-0.001465
0.000000
0.000488
0.000488
0.000977
-0.000732
-0.000488
0.000488
-0.000122
0.000732
0.001953
-0.000244
0.000488
0.001465
0.000732
-0.000732
0.000488
-0.000977
-0.003906
-0.002930
-0.001953
-0.001465
-0.000732
-0.000488
0.000000
-0.001953
-0.001953
-0.000122
-0.001465
0.000977
0.000488
-0.000244
0.000488
-0.001953
-0.001953
-0.000977
-0.000977
-0.001953
0.001953
-0.000244
0.000732
0.001465
-0.000122
0.000244
-0.000977
-0.001953
-0.000977
0.000183
0.000488
0.000977
0.000977
0.001221
0.000488
-0.000488
-0.000732
-0.000244
-0.001465
-0.000488
0.000977
0.000977
-0.000977
-0.000977
-0.001953
-0.001953
0.000000
-0.001465
-0.000488
-0.000488
-0.001953
-0.002930
-0.001953
-0.001953
-0.002930
-0.001953
-0.002930
-0.001953
-0.000488
-0.000488
0.000977
0.003906
0.000488
0.000549
0.000732
-0.000488
-0.000488
0.001221
0.000122
-0.000732
0.001465
-0.000244
0.000488
0.002930
0.000488
0.000488
-0.000977
-0.000977
0.000244
0.000000
0.002930
0.000732
0.001221
0.000732
-0.000732
0.001953
-0.001953
-0.001465
-0.000488
-0.001953
-0.000854
-0.000183
-0.000488
0.000610
-0.001709
-0.001953
0.000977
-0.001953
0.000488
0.000732
0.000000
0.000000
-0.001953
-0.001221
0.000977
0.001953
0.000488
0.001465
0.001465
-0.001221
0.001953
0.000977
-0.000732
0.000488
-0.001953
-0.002930
-0.003906
-0.002930
-0.000977
-0.000732
0.000488
0.001465
0.000977
0.000977
0.000977
0.003906
0.002930
0.001953
0.001221
-0.000977
-0.000977
-0.002930
0.000488
0.000488
0.000977
0.000977
0.000122
0.001465
0.000000
0.000000
0.001465
0.001221
-0.000977
0.000000
0.000000
0.000000
0.000977
0.001953
0.001953
0.001953
0.000977
0.000244
0.000488
-0.001953
-0.000488
-0.000488
-0.000488
0.001709
-0.000732
-0.001465
-0.002930
-0.000977
-0.001953
-0.000977
-0.000244
-0.000244
-0.000549
0.000977
0.000977
0.000610
0.000732
-0.001099
0.000732
0.001465
-0.000305
0.000610
0.001221
-0.000488
0.000000
0.002930
-0.000732
0.000000
-0.000977
-0.002930
-0.000977
-0.002930
-0.001953
-0.001221
-0.000244
-0.000977
-0.001953
-0.002930
-0.001953
-0.002930
-0.001953
-0.000732
-0.001221
-0.000488
0.001953
0.001465
-0.000244
0.001465
0.000732
-0.001465
-0.000732
0.000244
-0.000488
-0.000366
-0.000244
-0.000183
0.001221
-0.000427
-0.001953
0.000977
0.000244
-0.000244
0.000977
0.001953
0.001953
0.000488
0.000244
0.002441
0.000000
-0.000366
0.001221
-0.001465
-0.001953
-0.000977
-0.000977
-0.000732
0.001953
0.001465
0.000488
0.000977
0.000488
-0.000366
-0.000732
0.000244
0.000244
0.000000
0.001465
-0.000366
0.000000
-0.001953
-0.003906
-0.003906
-0.002930
-0.001953
-0.000732
-0.000488
-0.000732
0.000000
0.000122
0.000000
0.000488
0.001953
0.000244
-0.000732
0.000488
-0.001953
-0.000244
-0.000244
-0.000244
0.000000
-0.000977
-0.000488
-0.000977
-0.000732
0.000000
-0.000977
-0.000732
0.000000
0.000488
0.000732
0.000977
-0.001465
0.000244
0.000000
-0.001465
-0.000977
0.000000
-0.000977
-0.000977
-0.000244
0.000000
0.000000
0.000488
0.001221
-0.000427
0.000122
0.000244
0.000977
-0.000488
0.000732
-0.000488
-0.001953
-0.001953
-0.002930
-0.000977
-0.000732
-0.000488
0.000977
0.000977
-0.000183
0.000366
-0.000610
0.000549
-0.000488
0.000488
0.000977
0.001465
0.000977
0.001465
0.000977
0.000244
0.001465
0.001465
-0.000488
0.001465
-0.000244
-0.001465
0.000732
0.000122
-0.000488
0.000977
-0.000244
-0.001953
0.000000
-0.001465
-0.000977
-0.000244
-0.000977
-0.001465
-0.001953
-0.001465
-0.000977
-0.000488
0.000244
0.001465
-0.000122
-0.000488
0.000366
-0.001465
0.000122
-0.000488
-0.001953
-0.001953
-0.000244
-0.001099
-0.000488
0.000488
-0.000244
0.000488
0.000244
0.000977
-0.000427
0.000488
-0.000488
0.000000
0.000000
-0.001465
0.000977
-0.000366
-0.000488
0.000977
0.000244
0.000977
0.000244
0.000244
-0.000732
-0.000977
0.000488
0.000488
-0.000977
-0.001465
-0.000977
-0.001465
-0.000977
0.000977
0.000977
0.001465
0.000977
0.001221
0.000000
-0.001465
-0.000488
-0.001953
-0.000977
-0.001953
-0.000488
0.000366
0.000244
0.001953
0.001953
0.001953
0.000977
-0.000244
-0.001953
-0.000977
-0.000488
0.000488
0.000977
0.001465
0.000000
-0.000488
0.000977
0.000977
-0.000122
0.001953
0.000488
0.000732
0.000732
-0.000977
0.001221
0.000000
0.000732
0.000000
0.000122
-0.000122
-0.001465
0.000854
-0.000977
-0.001953
0.000122
-0.000244
0.000977
0.001953
0.001953
0.001953
0.001953
0.000977
0.001953
0.001953
0.000244
0.001465
-0.000488
-0.000977
0.000244
-0.000488
0.000977
0.001953
0.000000
0.000488
0.000000
-0.000977
-0.000122
0.000977
0.000488
0.000122
0.000977
-0.000244
0.000122
-0.000732
-0.001953
0.000244
-0.001953
-0.000977
-0.000977
-0.001953
-0.000977
-0.001953
-0.000488
-0.000977
-0.001465
-0.000488
-0.000244
0.000488
0.000977
0.001465
0.000244
0.000366
0.000244
0.000244
0.001953
0.000977
0.000488
0.001953
0.000977
0.000000
0.000488
-0.000488
-0.000977
-0.000488
-0.000488
0.000000
-0.000977
0.000000
0.001953
0.001953
0.001465
0.000488
-0.001465
-0.001953
-0.000977
-0.001465
-0.000977
-0.001953
-0.000488
0.000000
-0.000732
-0.000488
-0.000488
-0.000977
0.000000
0.001953
0.000977
0.001221
0.000244
0.000000
0.001953
0.000000
0.001953
0.001953
0.000977
0.002930
0.001953
0.000488
0.001953
0.000000
-0.000488
0.000000
-0.000244
0.000000
0.000244
0.001953
0.000977
0.001953
0.001953
0.001953
0.000488
0.000977
0.000488
0.000977
0.002930
0.001953
0.000488
0.000000
-0.001953
-0.000977
-0.000244
0.000488
0.000732
0.000977
-0.000977
-0.000732
0.001465
0.000244
0.000244
0.000977
0.000244
0.000000
0.000977
0.000977
0.001953
0.001465
0.000977
0.001465
0.000977
0.000977
0.000977
0.000366
0.000122
0.000244
0.000977
0.000122
-0.000977
-0.001953
-0.001953
-0.002930
-0.001953
-0.000977
0.000366
-0.000732
0.001465
0.000977
0.001465
0.000488
0.000244
0.000000
-0.000977
0.000000
-0.000374
0.000488
-0.000488
-0.000244
-0.000854
0.000443
-0.000977
-0.001953
-0.000977
-0.000488
0.000488
0.001465
0.001953
0.000244
-0.000488
0.000000
-0.000977
0.000732
0.001465
0.000977
0.001953
0.001953
0.001953
0.001953
0.001465
0.000977
0.000488
0.001465
0.000244
-0.000244
-0.001465
-0.000488
-0.000366
-0.000488
0.000488
0.000000
-0.001953
-0.001953
-0.000488
-0.000488
0.000244
0.000244
-0.000366
0.000000
0.000244
0.000977
0.000977
0.000000
0.000977
0.001465
-0.000244
0.000488
0.000977
0.001221
0.000977
0.001465
0.000977
0.000244
0.000732
-0.000244
0.000000
0.001465
0.000488
0.000488
-0.000977
0.000122
-0.000549
0.000732
0.001953
0.000488
0.000977
0.000000
-0.000244
0.000488
0.001953
0.001465
0.001953
0.000977
0.000977
0.002930
0.001953
0.000977
0.000000
-0.001465
-0.000977
-0.001221
-0.000977
-0.000244
0.000000
0.000488
0.000000
0.000977
-0.000732
-0.000488
-0.000977
0.001221
0.001953
-0.000244
0.001465
-0.000732
-0.001465
-0.001465
-0.000488
0.000244
-0.000732
0.000488
0.000488
-0.000488
0.000000
0.000977
0.000244
-0.000977
-0.000977
-0.000977
-0.002930
-0.001465
-0.000977
-0.001953
-0.000977
-0.001465
-0.000244
0.000244
0.000488
0.001953
0.000977
0.001953
0.001953
-0.000122
-0.000488
-0.001953
-0.000977
-0.000488
0.000000
0.000977
0.000977
-0.001465
-0.000977
-0.001465
-0.000977
-0.000732
-0.000732
0.000244
0.000244
0.001465
0.001465
0.000000
0.001465
0.000488
-0.000732
0.000488
-0.000488
-0.001953
0.000000
-0.000244
0.000977
0.001953
0.001465
0.001953
0.001953
0.000977
0.000977
0.001953
0.000488
0.000732
0.000000
-0.000488
0.000244
0.000977
0.000977
0.000000
-0.001953
-0.001953
-0.001465
0.000000
0.000732
0.000977
0.001953
0.000977
0.001953
0.000977
0.000183
-0.000977
-0.001953
-0.001953
-0.001953
0.000000
0.000000
0.000977
0.000977
0.000977
0.001465
-0.000854
0.000977
-0.000244
-0.000488
-0.000244
-0.000488
-0.000977
-0.001465
0.000610
-0.000732
0.000732
0.001953
0.000977
0.000977
0.000732
0.000000
0.000244
0.000977
0.001953
0.002930
0.000977
-0.000977
-0.000977
-0.000977
-0.000488
0.000977
0.001465
0.000000
0.000977
-0.000305
0.000977
-0.000244
0.001221
-0.000244
-0.000488
-0.000488
-0.001953
-0.000977
-0.000977
-0.001953
-0.000977
-0.000732
-0.000977
0.001221
-0.000977
-0.000244
0.000732
0.000244
0.000732
0.000488
0.000977
-0.000305
0.000000
0.000366
0.000244
0.000977
0.001953
0.001953
0.001953
0.002930
0.000977
0.001465
0.000366
0.000244
0.001465
0.001953
0.001953
0.001953
0.000977
0.001953
0.000977
0.000977
0.001465
0.000977
0.000122
0.000000
0.001953
0.001953
0.000977
0.000977
-0.000977
0.000244
-0.000977
-0.000977
0.000977
-0.000488
0.000244
0.000977
0.001953
0.001953
0.001953
0.001953
0.000977
-0.000732
0.000366
0.000000
0.000000
0.000977
0.000000
0.000000
-0.000488
-0.000732
0.000488
0.000732
-0.001953
0.000488
-0.000244
-0.000977
-0.000977
-0.002930
-0.001953
-0.002930
-0.001953
-0.000977
-0.000977
-0.000732
0.000488
-0.000488
0.000000
-0.000977
-0.000977
0.001465
0.000244
0.000488
0.001953
0.000977
0.000244
0.000000
-0.001465
-0.000977
-0.000488
0.000244
0.000977
0.000977
0.000977
0.000000
-0.000488
-0.000488
0.000244
0.001953
0.000244
0.000000
-0.001953
-0.002930
-0.001953
-0.000244
0.000000
0.001465
0.001953
0.000488
0.001221
0.000244
-0.000244
0.001953
-0.000671
0.000000
0.001953
-0.000244
0.000488
0.000000
-0.002930
-0.001953
-0.000977
-0.000244
-0.000977
0.000977
0.000977
0.000977
0.002930
0.001953
0.001953
0.000244
-0.001465
-0.001953
-0.001465
-0.001953
-0.000488
0.000000
-0.001465
-0.000488
0.000000
0.000366
0.001465
0.002930
0.003906
0.002930
0.002930
0.001953
0.000488
0.001953
0.000488
0.001465
0.001953
0.000977
0.000488
0.000488
-0.000977
-0.000977
-0.000488
-0.001953
-0.000977
-0.001953
-0.001953
-0.001953
0.000000
0.000244
0.000000
-0.000244
-0.001953
-0.001953
-0.001953
-0.001953
0.000000
-0.001953
0.000000
0.000977
-0.000488
0.000977
-0.000244
-0.000244
0.000977
0.001953
0.001953
0.001953
0.000732
0.000336
0.000366
0.000488
0.000977
0.000977
0.000732
0.000488
0.000427
0.000244
0.001465
0.002930
0.002930
0.000977
0.000488
-0.000977
-0.000977
-0.001465
-0.000732
0.000977
-0.000977
-0.000977
0.000366
-0.000488
0.001465
0.000977
0.001465
-0.000488
-0.000977
-0.001465
-0.001953
-0.000732
0.000000
0.001953
0.001953
0.000977
0.000977
0.000732
-0.001221
-0.000977
-0.001465
-0.001953
-0.000977
-0.001953
0.000000
-0.000732
0.000977
0.000977
-0.000366
0.000732
-0.000977
-0.001953
-0.000488
-0.001953
-0.001953
-0.001953
-0.001953
-0.001953
-0.001953
-0.000488
-0.000488
0.000977
0.001465
0.000488
0.000488
0.001953
0.000000
-0.001465
-0.001221
-0.000488
-0.001465
-0.000977
-0.000977
0.000244
-0.000244
-0.000488
0.000366
0.000000
-0.000732
-0.001953
0.000854
0.000488
0.000000
0.000732
0.000671
-0.000977
-0.001953
-0.000977
-0.000977
0.000000
0.000977
0.000977
0.001465
0.000977
0.000977
0.000488
0.000183
0.000488
-0.001953
-0.000244
0.000977
-0.000732
0.001953
0.000488
0.000244
0.001953
-0.000610
0.000610
-0.000244
-0.000977
0.000000
-0.000366
-0.001465
0.000549
-0.000977
-0.000977
0.000000
-0.000977
-0.000610
-0.000488
0.000000
-0.000366
-0.000488
0.001953
-0.000488
-0.000977
-0.000977
-0.001953
-0.001953
-0.001953
-0.000977
-0.001953
-0.000977
0.000488
-0.000977
-0.000244
-0.000977
-0.000977
-0.001221
-0.000732
-0.000488
-0.001465
-0.000977
-0.001465
-0.000977
-0.000488
-0.000244
-0.000244
0.000122
-0.000488
0.000397
-0.000977
-0.000244
0.000000
-0.001953
0.000000
0.000488
0.000977
0.001953
0.001953
0.000122
0.000061
-0.000488
-0.000977
-0.000977
-0.000977
-0.001465
-0.000977
-0.001465
-0.001953
-0.000977
-0.001465
-0.000488
0.000000
0.000977
0.001953
0.001465
0.000977
0.000977
0.001953
0.001953
0.001465
0.001953
0.001953
0.000977
0.000977
0.000488
0.000488
-0.000977
-0.000732
-0.000977
-0.001953
-0.001953
-0.001465
-0.001953
-0.000977
-0.000977
-0.001953
0.000122
-0.001953
-0.000488
0.000977
-0.000732
0.000122
0.001465
0.000244
-0.000244
0.000488
-0.000977
-0.001953
-0.001953
-0.001953
-0.000488
-0.000031
0.000977
0.000488
0.000244
0.000977
0.000244
-0.000244
0.000977
0.000488
0.000458
-0.000244
0.000244
0.000000
0.000366
0.000488
0.000000
0.000977
0.000000
0.000366
-0.000977
-0.002930
-0.001953
-0.002930
-0.001953
-0.000977
-0.001953
0.000000
0.000244
0.000977
0.001953
0.000977
0.000977
-0.000488
0.000977
-0.000549
-0.000732
-0.000244
-0.001953
-0.000244
-0.000031
0.000488
0.000488
-0.000488
0.000244
-0.000061
-0.000488
0.001465
0.000244
-0.000977
0.000366
-0.000244
0.000488
0.000977
0.000000
-0.000244
-0.000977
0.000244
-0.000244
-0.000977
-0.001953
-0.000488
0.000977
0.000977
0.002930
0.000488
0.000290
0.000732
0.000000
0.000488
0.001465
0.000977
0.000977
0.000488
0.001465
0.000488
0.000000
0.001465
0.000977
0.000977
0.000000
0.000000
-0.000977
-0.000977
0.000000
0.000000
0.000977
0.000977
-0.001465
-0.000977
-0.000488
-0.000488
0.000000
0.000488
0.001953
0.000977
-0.000610
0.000000
-0.000977
-0.001465
-0.000732
0.000488
-0.000122
0.001221
0.000977
-0.000977
0.000732
0.000977
-0.001465
-0.000488
0.000977
0.000977
-0.001221
0.000977
0.000000
0.000488
0.001953
0.001465
0.000977
0.001465
0.000977
0.000244
0.000977
0.000977
0.000488
0.000977
0.000000
0.000732
0.000244
0.000610
0.000977
0.000000
0.001953
0.001953
0.000977
0.002930
0.001465
0.000977
0.001953
0.000977
0.001953
0.001465
-0.000244
0.000000
-0.000977
0.000000
0.000000
0.000244
0.000488
-0.000488
0.000977
0.000977
0.000977
0.000977
0.000488
-0.001221
0.000366
-0.000610
-0.000977
0.000244
-0.001953
-0.000977
-0.001953
-0.002930
-0.001953
-0.001465
0.000244
0.000488
0.000977
0.000977
0.000977
0.000122
0.000000
-0.000488
-0.000977
-0.001953
-0.002930
-0.002930
-0.001953
-0.002930
-0.000977
-0.000183
0.000000
0.000977
-0.000244
0.000549
-0.001221
-0.000732
0.000977
0.000000
0.001953
0.001953
0.001953
0.000488
-0.000488
0.000061
-0.001465
0.000000
-0.001465
-0.002930
-0.001953
-0.001953
-0.001953
0.000244
0.000977
0.000000
0.001953
0.000244
0.000488
-0.000610
-0.000977
0.000732
-0.001953
0.000244
-0.000244
-0.000244
0.000977
-0.000488
0.000244
0.000000
-0.001953
-0.001953
-0.002930
-0.000488
0.000977
0.000000
0.001953
-0.000244
0.000244
-0.001221
0.000000
0.000977
-0.000977
-0.000244
-0.000977
-0.001953
-0.000977
0.000244
0.000977
0.001465
0.001465
0.000244
0.000488
0.000488
-0.000122
-0.001465
0.000244
0.000488
-0.000732
0.001953
0.000977
0.000488
0.000977
0.000000
0.000244
0.000610
-0.000244
0.000977
0.000488
0.000854
0.000122
-0.000977
0.000610
0.000244
0.000488
0.001953
0.001953
0.001953
0.001953
0.000488
0.000488
0.000977
-0.000977
-0.001953
-0.000977
-0.001953
-0.001953
-0.000488
0.000000
0.000977
0.001465
0.000977
0.000977
-0.000977
0.000366
0.000977
0.000977
0.000977
0.000488
-0.000488
-0.000488
-0.000488
0.000977
-0.000977
-0.001953
-0.001953
-0.001953
-0.000244
-0.000244
0.001465
0.000488
0.000458
0.000000
-0.000244
-0.000732
0.000549
0.000488
0.000000
0.001465
0.000000
-0.000977
-0.000732
-0.000732
0.000977
0.000488
0.000122
0.000000
-0.000977
-0.000977
-0.001953
-0.002930
-0.002930
-0.000977
-0.000977
0.000000
0.001465
0.001953
-0.000122
0.001221
0.000244
0.000977
0.000977
0.000366
0.001221
-0.000244
0.000000
0.001465
0.001953
-0.000732
0.000732
0.000000
-0.000488
-0.000244
-0.000977
0.000366
-0.000427
-0.000244
0.000000
-0.000977
-0.000488
-0.000977
-0.000488
0.000488
0.000000
0.000977
0.001465
0.001953
0.000977
0.000000
0.001953
0.000977
0.000000
0.000488
0.000244
-0.001953
-0.001953
-0.000977
-0.001953
0.000122
0.000732
0.000000
-0.000122
0.000244
-0.000488
-0.000488
-0.000977
0.000854
-0.000488
-0.000977
-0.000488
-0.001953
-0.000244
-0.001465
-0.000977
-0.000488
-0.001953
0.000275
0.000000
0.000000
0.000977
0.001465
-0.000244
-0.000977
0.000488
-0.000488
0.000000
0.000488
0.001953
0.000488
0.000977
0.000488
-0.000977
-0.000977
-0.001465
-0.001465
-0.000977
-0.000488
-0.000977
0.000366
-0.000366
-0.000977
0.001465
-0.001221
-0.000732
0.000000
0.000000
0.000000
0.000977
0.002930
0.002930
0.001953
0.001953
0.001953
0.000000
0.001953
-0.000732
-0.000732
0.000732
0.000000
0.000977
0.001953
0.000000
0.001465
0.000488
0.000000
0.000977
-0.000244
-0.000122
-0.000061
-0.000244
-0.000732
-0.001953
-0.000977
-0.001953
-0.001953
-0.001953
-0.002930
-0.002930
-0.001953
0.000000
-0.001953
0.000244
0.000977
-0.000977
0.000000
-0.000244
-0.000488
-0.000732
0.001953
0.000977
-0.000977
-0.000977
0.000000
-0.000977
0.000000
0.001953
0.000977
0.000488
-0.000244
0.001221
0.000244
-0.000732
-0.000244
0.000427
-0.001465
-0.000488
0.000732
0.000000
0.001953
0.000977
0.001465
0.000488
-0.000610
0.000488
0.001465
0.000488
0.001953
0.002930
0.001953
0.000977
0.000977
0.000366
-0.000977
0.000977
0.000732
-0.000122
-0.000488
-0.000488
-0.000977
-0.000977
0.000977
0.000000
0.000488
0.000977
-0.000977
-0.000488
0.000244
0.000244
0.001465
0.000488
0.000732
-0.000488
-0.000488
-0.001465
0.000977
-0.000244
0.000488
0.000977
-0.000732
0.001953
0.000122
0.000732
0.000000
0.000000
0.000000
-0.001465
0.000488
-0.000488
-0.001465
-0.000488
-0.001953
0.000000
0.001465
0.000977
0.001953
0.001465
0.000977
-0.000244
0.001953
0.000000
-0.000488
-0.000977
-0.001465
-0.000977
0.000977
0.000488
0.000488
0.000977
0.000732
0.000977
0.000000
0.001465
0.000488
-0.000488
0.001953
-0.000488
-0.000488
-0.000244
-0.000977
-0.000305
0.000244
0.001465
0.000977
0.000977
0.002930
0.001953
0.002930
0.001465
0.000000
0.000488
-0.000977
0.000977
0.001953
0.001953
0.000977
0.000122
0.000366
0.000488
-0.000488
0.001953
0.001953
0.000000
0.001953
0.000977
0.000977
0.001953
0.001953
0.000488
-0.000244
-0.000977
-0.002930
-0.002930
-0.000977
-0.001465
0.000488
0.000977
-0.000732
-0.000488
-0.000488
-0.000488
0.000244
0.001465
0.000488
0.000610
-0.000366
-0.000977
0.000977
-0.000244
-0.001099
0.001465
-0.000610
-0.000488
0.000244
-0.001465
0.000000
-0.001953
0.000244
0.000488
0.000977
0.000977
0.000244
-0.000244
-0.001953
-0.000488
-0.000732
0.000000
0.000488
0.001465
0.001953
0.000977
-0.000488
-0.000244
-0.000366
-0.000732
0.001465
0.000977
0.000122
0.001953
0.001465
-0.000366
0.000732
-0.001465
-0.001953
-0.000977
-0.000488
-0.000244
-0.000153
0.000854
-0.000732
-0.000977
-0.001953
-0.001953
-0.001953
-0.001953
-0.001465
0.000854
-0.000122
-0.000977
0.000000
-0.000977
-0.001953
0.000000
0.000977
0.001953
0.001465
0.000000
0.000488
-0.001953
-0.001953
0.000732
-0.000732
0.000000
0.000977
0.000244
0.000000
0.000122
-0.000366
0.001465
0.000488
0.000000
0.000183
-0.000488
-0.000977
-0.000977
-0.001465
-0.000977
-0.001465
-0.001953
-0.001953
-0.000977
-0.001465
-0.001465
-0.000977
-0.001953
-0.000977
0.000000
0.001953
0.001953
0.001953
0.000977
0.001953
0.000977
0.000000
0.000488
-0.000977
-0.000977
-0.001465
0.000488
0.001953
0.000977
0.002930
0.001953
-0.000488
0.001709
-0.000977
-0.000977
-0.001465
-0.002930
-0.001953
-0.001465
-0.001953
0.000610
-0.000732
-0.000977
-0.000977
-0.001953
-0.001953
0.000244
-0.001465
-0.000244
-0.000488
-0.000977
-0.000183
0.000488
0.001953
0.001953
0.001465
0.000977
-0.000153
-0.000488
-0.000977
0.000000
-0.000244
-0.000244
0.000244
0.000977
-0.000732
0.000244
0.000488
-0.000977
-0.000244
-0.001953
-0.001953
-0.001953
-0.001953
-0.000732
-0.000244
-0.000366
0.000244
-0.001465
-0.001465
0.000732
-0.000488
-0.000366
0.000000
0.000000
-0.001953
-0.000732
-0.000488
-0.001953
-0.001953
0.000000
-0.000977
0.000000
0.001953
0.001953
0.000977
0.000732
-0.000244
-0.001953
-0.000488
-0.000366
0.000244
0.000488
-0.000244
-0.000732
0.000000
0.000488
0.000244
0.000488
-0.001465
-0.001953
-0.000977
-0.000977
-0.000488
0.000244
-0.000977
-0.000732
0.000000
0.000366
0.000977
0.000977
0.001953
0.001953
0.000488
0.001953
0.000977
0.000000
-0.000244
0.000488
-0.000244
-0.000977
0.000244
-0.000977
-0.000977
0.000183
-0.001465
0.000977
0.000977
0.000977
0.000488
0.000488
0.000000
-0.000977
-0.000732
0.000488
-0.000977
0.000244
-0.000244
0.000488
0.000977
-0.000122
-0.000244
-0.000977
-0.001953
-0.000732
0.000732
0.000244
0.001953
0.000244
0.000977
0.000488
0.000732
0.001953
0.000244
-0.000122
-0.000244
-0.000488
-0.001221
-0.000244
-0.000244
-0.000977
-0.000244
-0.001953
0.000000
0.000732
-0.001465
-0.000732
0.000000
-0.000977
-0.000244
0.000977
0.000977
0.000977
0.000977
0.000366
0.000122
-0.000061
0.000488
-0.000366
-0.000977
0.000000
-0.000732
-0.000732
0.000977
0.000366
-0.000488
0.000488
-0.000488
0.000732
0.000488
0.001465
0.001953
0.000977
0.001465
0.000000
0.001221
0.000977
0.000000
0.001953
0.000000
0.000854
-0.000977
-0.000977
-0.000977
-0.002930
-0.001953
-0.001953
-0.001953
0.000122
0.001465
0.001953
0.001953
0.001953
0.000977
-0.000061
-0.000244
-0.000732
-0.000244
0.000244
0.000244
0.000977
0.000977
-0.000488
-0.000977
-0.000488
-0.000977
0.001465
0.000000
-0.000732
0.001465
0.001953
0.002930
0.003906
0.003906
0.001953
0.000000
0.000000
-0.000488
-0.000977
-0.000977
-0.000488
-0.001953
-0.001953
0.000000
-0.000244
-0.000977
-0.000732
0.000000
-0.000244
0.001953
0.000000
0.000977
-0.000488
-0.000977
-0.000244
0.000488
0.000977
0.001953
0.001953
0.000488
0.001953
-0.000488
0.000244
-0.000977
-0.000488
0.000122
0.000488
0.000977
0.000977
0.000977
0.000488
0.000488
0.000488
-0.000122
-0.000854
-0.000977
-0.000488
0.000000
0.000488
0.000000
0.000000
0.000977
-0.000977
-0.001953
0.000000
-0.001953
-0.001953
-0.000977
-0.001953
0.000244
0.000977
0.000977
0.000977
0.000122
0.000977
0.001953
0.001953
0.000000
0.000000
-0.001465
-0.001953
0.000000
0.000244
-0.000488
0.000244
0.000000
0.000488
0.000000
0.000977
0.001465
0.000488
0.000488
0.000244
0.000977
0.000977
0.000488
0.000488
0.000977
0.000977
0.000488
0.000977
0.000977
0.001953
0.001953
0.000000
-0.000488
-0.000977
-0.000977
-0.000977
-0.000977
-0.001953
0.000000
0.000488
-0.000488
-0.000488
-0.001953
-0.000488
-0.000977
0.000488
0.000488
0.000977
0.000000
-0.000122
0.000977
0.000000
0.000977
0.000000
-0.000244
0.000366
-0.000488
-0.000977
-0.000244
-0.000977
-0.001953
0.000244
0.000000
0.000977
0.000977
0.001953
0.000000
0.000122
-0.000977
0.000000
-0.000977
-0.000488
-0.001953
-0.001953
0.000000
0.000000
0.000488
-0.000488
-0.000977
-0.000977
-0.001953
-0.000244
0.000488
-0.000244
-0.000488
0.000244
-0.000977
-0.000488
0.000000
0.000549
-0.000488
0.000977
0.001953
0.000000
0.000488
0.000977
-0.000977
-0.000977
-0.001465
0.000000
-0.000977
0.000244
0.000000
-0.000977
0.000000
0.000244
-0.000488
-0.000366
-0.000488
-0.000977
-0.000977
-0.000244
-0.000977
0.000977
0.000488
-0.000488
-0.000488
-0.001953
0.000000
-0.000977
0.000732
-0.000244
-0.000488
0.000977
0.000244
0.001953
0.001953
0.000977
-0.000244
-0.000977
-0.000488
-0.001953
-0.000488
-0.000977
0.000244
0.000488
0.000488
0.001953
0.000977
0.000977
0.000977
0.000977
0.000977
-0.000153
0.000977
0.000000
-0.000366
0.000977
0.000488
0.001465
0.001953
0.000977
-0.000732
0.000732
0.000488
0.001465
0.000000
-0.000244
0.000488
-0.001953
-0.000977
0.000000
-0.000488
-0.000244
-0.000122
-0.000488
-0.000977
-0.001953
0.000000
-0.000977
-0.000977
0.000732
0.000244
0.000000
0.000000
-0.000488
-0.000488
-0.000488
0.000488
0.000977
0.000000
0.000977
-0.000732
-0.001953
0.000000
-0.000488
-0.000488
0.000977
-0.000488
0.000732
0.000977
-0.000488
0.001465
0.000977
0.000977
0.000977
-0.000732
-0.001953
-0.000977
-0.001953
-0.001953
0.000000
-0.000488
-0.000244
0.000977
0.000488
0.000488
0.000977
-0.000427
0.000977
0.000977
0.000977
0.001953
0.000488
0.000977
0.000977
0.000977
0.000000
0.000244
-0.001465
-0.001953
-0.000488
0.000000
0.000488
0.000977
-0.000244
-0.000977
0.000000
-0.000977
-0.000244
-0.000732
0.000488
0.001953
0.000977
0.000488
0.000977
-0.000977
-0.001953
-0.001953
0.000000
-0.000977
0.000000
0.000977
-0.000732
0.000488
0.000244
-0.001221
-0.001953
-0.000977
-0.000977
0.000488
-0.000519
0.000977
-0.000244
-0.000977
0.000977
0.000000
0.001953
0.000000
-0.000488
-0.001465
-0.001953
0.000000
-0.000610
0.000977
0.000977
0.000732
0.001953
0.000000
0.000977
-0.000488
0.000488
-0.000244
-0.000977
-0.000488
-0.000977
-0.001953
0.000244
-0.000488
-0.000977
0.000244
-0.000977
-0.000977
-0.000488
-0.000977
-0.000244
-0.000122
-0.000488
-0.000977
0.000641
-0.000977
-0.000732
-0.000488
-0.001953
-0.000977
0.000000
-0.000732
-0.000977
0.000732
-0.000488
0.000000
0.000977
0.000977
0.000977
0.000000
-0.000488
-0.000977
-0.000977
-0.000977
-0.000488
0.000244
-0.000610
0.000977
0.000244
-0.000977
0.000000
-0.000244
-0.000977
0.000549
-0.000122
-0.001221
0.000000
0.000000
0.000488
0.000977
0.000000
0.000977
0.000977
0.000244
0.000977
0.000122
0.000488
-0.000610
-0.000488
0.000000
-0.000977
-0.000977
-0.000488
-0.000244
-0.000977
0.000580
0.000488
-0.000488
0.000488
0.000977
0.000977
0.000000
0.000000
0.000488
-0.001465
-0.000488
0.000000
0.000488
0.000000
0.000488
0.000977
0.000977
0.000977
0.001953
-0.000244
-0.000244
-0.000977
0.000000
0.001953
0.000000
0.000488
-0.000488
-0.000977
0.000122
-0.000977
-0.000122
0.000732
-0.000244
-0.000244
0.000977
0.001953
-0.000244
0.001953
0.001953
0.001465
0.000000
-0.000244
0.000244
-0.000977
-0.000977
0.000488
-0.000977
0.000488
0.000977
-0.000244
0.000977
0.000977
0.000000
0.001953
0.000977
0.000244
0.000244
-0.000977
-0.001953
-0.000977
0.000000
-0.000977
0.000000
-0.000488
-0.001953
-0.001953
-0.000488
-0.000488
-0.000732
-0.000488
-0.000488
-0.000488
0.000488
0.000000
-0.000244
-0.000977
-0.000977
0.000000
0.001465
-0.000244
0.000977
0.000244
-0.000977
0.000610
0.000488
0.000488
0.000977
0.000977
0.001953
0.000977
-0.000366
0.000244
0.000061
-0.000977
0.000366
-0.000732
-0.000244
0.000488
-0.000122
0.000488
0.000977
0.000977
-0.000122
-0.001465
-0.000977
-0.000977
-0.000488
-0.000977
0.000244
0.000488
-0.000732
0.000977
0.000488
0.000488
-0.000488
-0.001953
-0.001953
-0.000977
0.000000
-0.000244
0.000977
0.000977
0.000977
0.001953
0.001953
0.000977
0.000977
-0.000488
-0.000244
-0.000244
0.000488
0.000977
0.000000
0.000488
-0.000122
0.000000
0.000977
0.000488
-0.000122
0.000732
-0.000244
0.000488
0.000977
0.000977
0.000977
0.000977
0.000977
0.000122
-0.000977
0.000000
-0.001953
0.000000
0.000488
0.001465
0.001953
0.000000
0.001953
-0.000488
-0.000977
-0.001465
-0.000488
-0.000977
-0.000244
0.000488
-0.000122
-0.000977
0.000000
0.000366
0.000488
0.000488
0.001953
0.000977
0.000977
0.000000
-0.000488
0.000000
0.000000
-0.000977
0.000244
-0.001465
0.000000
0.000366
0.001465
0.000977
0.000977
0.000977
0.000977
0.000000
0.000244
0.000244
0.000732
0.000488
-0.000122
0.000000
0.000244
0.000000
0.000977
0.000977
0.000977
0.000000
0.000977
-0.000183
0.000000
0.001465
0.000488
0.000488
0.000000
-0.000488
-0.000977
0.000000
0.000244
0.000244
0.000488
0.000977
0.000000
0.000366
0.000488
-0.000977
0.000610
-0.000977
0.000000
0.000977
-0.000977
0.000977
-0.000488
-0.001465
-0.000977
-0.001953
-0.000488
-0.000244
0.000488
0.000977
-0.000244
0.000000
-0.000977
-0.001953
-0.000977
0.000000
-0.000977
-0.000244
0.000488
-0.000244
0.000000
0.000977
0.000977
0.001953
0.000000
0.000122
0.000488
-0.001465
-0.000488
-0.001953
-0.001953
-0.000488
-0.001953
-0.000977
0.000244
0.000000
0.000732
0.000977
0.000977
0.000000
0.001465
0.000488
0.000488
0.000488
-0.000732
-0.000977
0.000000
-0.000977
-0.000977
0.000732
0.000732
-0.000244
-0.000977
-0.001953
-0.000977
0.000000
0.000488
0.000488
-0.000488
0.000122
0.000488
0.000977
0.001953
0.001953
0.001953
0.000000
-0.000488
0.000732
0.000000
0.000977
0.000488
0.000977
0.000977
0.000977
0.000000
0.000244
-0.000977
-0.000122
0.000977
-0.000732
0.000488
-0.000244
-0.000977
0.000000
-0.000488
0.000000
-0.000977
0.000427
0.000000
0.000488
-0.000488
-0.001953
-0.000488
-0.000977
0.000000
-0.000854
-0.000977
-0.000977
0.000244
0.001953
0.001953
0.000000
-0.000488
0.000488
0.000488
0.000244
0.000488
-0.000488
-0.000977
-0.000488
-0.000488
0.000000
0.000977
0.000977
0.000977
0.000977
0.000977
0.000977
0.000977
0.000000
0.000488
-0.000977
0.000488
0.000488
0.000000
0.000488
-0.000488
-0.000488
-0.000488
0.000000
-0.000732
-0.000732
0.000244
-0.000244
0.000977
0.000977
-0.000488
-0.001465
-0.000977
-0.001953
-0.000977
0.000000
0.000977
0.000000
-0.000366
0.000977
0.000732
0.000977
0.001953
-0.000488
-0.000977
0.000732
0.000488
0.001953
0.001953
0.000000
0.001953
0.000488
-0.001221
0.000977
-0.000977
0.000244
0.000977
0.000977
0.001953
0.000977
0.000977
0.000000
0.000488
0.000732
-0.000732
-0.000427
0.000732
0.000244
0.001953
0.001953
0.000977
0.000488
0.000488
0.000977
0.000488
0.000244
-0.000488
-0.000488
-0.000244
-0.000488
-0.000244
0.000732
0.000732
0.000244
0.000244
-0.000732
-0.000977
0.000000
0.000244
-0.000732
0.000977
-0.000977
-0.001953
-0.001953
-0.001953
0.000000
-0.001953
-0.000977
-0.001953
0.000000
-0.000488
0.000732
0.001953
0.000977
0.000977
0.001465
0.000488
-0.000244
-0.000488
-0.001465
-0.000977
-0.000977
-0.000977
-0.000977
0.000000
-0.000977
0.000488
0.000977
-0.000458
0.000977
-0.001221
0.000000
0.000244
0.000000
0.000488
0.000244
0.000977
0.000977
0.000000
0.000244
-0.000244
0.000000
-0.000732
0.000488
0.000732
-0.000977
0.000732
0.000000
0.000488
0.000000
-0.000488
0.000488
-0.000977
-0.000977
-0.001953
-0.000488
0.000244
0.000000
0.001953
0.001953
0.000488
0.001465
0.000000
0.000977
0.000000
-0.000122
0.000488
-0.001465
-0.000977
-0.000977
-0.000977
-0.000977
-0.000977
0.000366
-0.000977
0.000732
-0.000488
-0.000488
-0.000488
0.000488
0.000488
-0.000549
-0.000488
0.000488
0.000488
0.001953
0.001953
0.000977
0.000000
0.000000
-0.000488
0.000000
0.000488
0.000488
0.000977
-0.000732
-0.000977
-0.000977
0.000000
0.000244
-0.000977
0.000977
0.000977
0.001953
0.001953
0.000977
0.000977
0.000488
-0.000488
-0.000977
0.000000
-0.000977
-0.000244
0.000000
-0.000488
0.000488
-0.000397
-0.000977
-0.000977
0.000000
-0.000977
0.000488
0.000488
-0.000488
-0.000488
0.000427
-0.000977
0.000488
0.000488
-0.000732
-0.000732
0.000488
-0.000244
-0.000977
0.000000
0.000122
0.000488
-0.000244
0.000977
0.000000
0.000732
-0.000732
-0.000488
-0.001465
0.000000
-0.000244
-0.000488
-0.000732
-0.000244
-0.000977
0.000488
0.000000
0.000000
0.000244
-0.000488
0.000305
-0.000977
0.000000
-0.000732
0.000488
0.001953
-0.000488
0.000488
0.000977
0.000488
0.000488
0.000977
-0.000122
0.000977
0.000000
-0.000488
0.000977
0.000977
0.000488
0.001953
0.000000
0.000977
0.001465
0.001953
0.000000
0.000244
0.000977
-0.000488
-0.000977
-0.000488
-0.001953
0.000000
-0.000122
0.001465
0.000977
0.000977
-0.000244
-0.000488
0.000000
0.000732
-0.000366
0.000031
0.000488
0.000732
-0.000366
0.000977
0.000244
-0.000488
0.000000
-0.000977
-0.000977
-0.000488
0.000366
0.000488
0.000977
0.000977
0.000000
-0.000732
0.000000
-0.000244
0.000488
0.000977
0.000488
-0.000488
0.000000
-0.000488
-0.000488
0.000488
-0.000977
-0.000488
0.000244
-0.000977
0.000244
-0.001465
0.000000
-0.000732
-0.000488
0.000000
-0.000977
-0.001953
0.000000
0.000000
0.000000
0.000977
0.000977
0.001953
0.001953
0.000000
0.000977
0.000244
-0.000366
-0.000732
0.000488
0.000244
0.001465
0.001953
0.001953
0.001953
0.000977
0.000488
-0.000793
-0.000366
0.000610
0.000000
0.000488
0.000488
0.000732
-0.000244
0.000977
0.000977
0.000244
0.000000
-0.000977
0.000000
0.000488
0.000977
0.000977
0.001953
0.000488
0.000977
-0.000244
-0.000488
-0.000488
-0.000977
0.000000
-0.000732
-0.000244
0.000244
-0.000732
0.000000
0.000977
0.001953
0.001953
0.001953
0.001953
0.000977
0.001953
0.001953
0.001953
0.000977
0.001953
0.000977
0.000977
0.000000
-0.000732
0.000244
0.000244
0.000488
0.000000
0.000488
0.000732
0.000488
0.000977
0.001953
0.000000
0.000488
0.000000
-0.000977
0.000732
0.000977
0.000977
0.001953
0.000000
0.000000
-0.000488
-0.001953
-0.000488
-0.000977
-0.000977
0.000488
0.000977
-0.000244
-0.000732
0.000244
-0.000977
0.000000
0.000732
0.000000
0.001465
0.000244
-0.000122
0.001465
0.000977
0.001953
0.000488
0.000977
-0.000732
-0.001953
-0.000977
-0.000488
0.000488
-0.000366
0.000977
-0.000244
-0.000977
0.000488
-0.000488
0.000488
0.000977
0.000000
0.000977
0.000977
0.000000
0.001953
0.001953
0.001953
0.001953
0.001953
0.000000
0.000488
0.000977
0.000977
-0.000488
-0.001953
-0.001953
0.000000
-0.001953
-0.000977
0.000732
-0.000977
-0.000977
-0.001465
-0.001953
0.000000
-0.001465
-0.000488
0.000488
0.000732
0.000244
0.000977
0.001953
-0.000488
-0.000244
-0.001465
-0.000488
0.000244
0.000000
0.000977
0.000000
-0.000488
-0.000488
-0.000977
-0.000977
-0.000977
0.000244
0.001953
0.000977
0.000000
0.000000
0.000366
0.000000
-0.000610
0.000488
0.000732
0.000488
0.000000
0.000732
0.000488
-0.000488
-0.000244
0.000732
-0.000244
0.001465
0.001953
0.001953
0.001953
0.001953
0.000977
0.000977
-0.000244
0.000000
0.000000
-0.001465
0.000366
-0.000732
-0.001953
-0.000977
-0.000977
-0.000977
0.000000
0.000977
-0.000244
0.000977
-0.000732
0.000000
0.000732
-0.000488
-0.000366
0.000488
0.000244
-0.000977
0.000122
-0.001465
-0.001953
-0.001953
-0.001953
0.000000
-0.000977
-0.000488
0.000977
0.000244
0.001953
0.000000
-0.000977
0.000488
-0.000488
0.000488
-0.000488
-0.000122
-0.001953
-0.000488
-0.001465
-0.001953
0.000000
-0.000977
0.000244
0.000488
0.000122
0.000977
0.001465
0.000977
0.000000
-0.000488
-0.000977
0.000000
-0.000977
0.000977
0.000244
0.000732
-0.000244
0.000244
-0.000977
0.000000
0.000488
0.000000
-0.000244
-0.000488
-0.000488
-0.001953
-0.000488
0.000977
-0.000610
0.000977
0.000977
0.001465
0.001953
0.001953
0.001953
0.000977
0.001953
0.000000
0.000977
0.000977
0.000000
0.000000
0.000977
-0.000366
-0.000977
0.000732
0.000488
0.001953
0.000488
-0.000732
-0.000977
-0.000977
-0.001953
-0.000488
-0.000977
-0.000977
0.000000
0.000488
0.000488
0.000244
0.000488
-0.000427
0.000092
0.000122
0.000732
-0.000244
0.000977
0.000977
-0.000977
-0.000488
-0.001953
-0.001953
0.000000
-0.000977
-0.000977
0.000488
-0.000977
0.000488
0.000000
-0.000977
-0.000977
-0.000977
-0.001953
0.000000
-0.000488
0.000488
0.000977
0.000000
0.000488
0.000488
0.000000
-0.000488
0.000977
0.000977
0.000977
0.000244
-0.000488
-0.000488
0.000000
-0.000977
0.000488
0.000000
-0.001465
0.000366
-0.000977
-0.001953
-0.000977
0.000000
-0.000488
-0.000977
0.000977
-0.000732
0.000488
0.001953
-0.000244
0.001465
0.000977
0.001465
0.001953
0.000488
0.000488
-0.000061
0.000732
0.000000
0.000977
0.000488
-0.000732
0.000000
0.000366
-0.001221
0.000000
0.000000
-0.001953
-0.000488
0.000732
-0.000244
0.000977
-0.000488
-0.000488
-0.000732
-0.000977
-0.000977
-0.000977
0.000000
-0.000977
0.000000
0.000488
0.000244
0.000977
0.000000
0.000122
0.000977
0.000488
0.001953
0.000977
0.000977
0.000977
0.000244
-0.000366
0.000732
-0.000244
-0.000732
0.000000
-0.000488
-0.000977
-0.000977
-0.001953
-0.001953
-0.001953
-0.001953
0.000000
-0.000977
-0.000122
0.000122
0.000122
0.000977
-0.000488
0.000031
-0.001465
-0.000488
-0.000488
-0.000244
0.000977
0.000488
0.000977
0.000977
0.000488
-0.000183
-0.000488
0.000122
-0.000244
0.000000
-0.000122
0.000610
0.000488
0.000122
0.000977
0.000977
0.000000
0.000732
-0.000977
-0.000977
-0.000488
-0.000977
0.000488
0.000000
0.000977
0.000000
-0.000488
-0.000732
0.000488
-0.000977
0.000488
-0.000488
-0.000977
-0.000977
-0.000977
-0.000977
-0.000244
0.000244
0.000000
-0.000732
0.000488
-0.000977
0.000000
0.000977
-0.000488
0.000000
0.000000
0.000000
-0.000977
0.000000
-0.000488
-0.000977
0.000244
-0.000244
0.000244
-0.000977
0.000000
-0.000122
0.000000
0.000977
0.001953
0.001953
0.001953
0.000000
0.000488
-0.000732
0.000488
0.000244
0.000732
0.001953
-0.000427
0.000366
-0.000977
-0.000977
-0.000488
0.000000
0.000000
0.000977
0.000000
0.000977
0.000977
-0.000732
0.000977
-0.000732
-0.000977
0.000488
-0.000977
-0.000977
-0.000488
-0.001953
-0.001953
-0.001953
0.000488
0.000977
-0.000244
0.000977
0.000977
0.000000
-0.000244
0.000488
0.000366
-0.001221
0.000977
0.000977
0.000488
0.001953
-0.000366
-0.001953
0.000244
0.000000
-0.000488
-0.000488
-0.000977
-0.000977
-0.001953
-0.000488
-0.000122
-0.000977
0.000977
-0.000183
-0.000732
0.000000
-0.000244
0.000488
0.000977
0.000000
0.000977
-0.000488
0.000488
0.000977
0.000732
0.000488
-0.000244
-0.000244
0.000244
-0.000122
0.000488
0.000977
-0.000427
-0.000122
0.000488
-0.000488
0.000488
-0.000488
-0.000488
-0.001953
-0.000488
-0.000244
-0.000488
0.000488
0.000977
0.000000
0.000488
-0.000488
-0.001953
0.000488
0.001709
0.000977
0.000977
-0.000244
-0.000977
-0.001953
-0.000488
0.000000
-0.000977
0.000244
-0.000977
-0.000244
-0.000732
0.000732
0.000977
0.000977
0.000488
-0.000732
0.000000
-0.000977
-0.000977
-0.001953
-0.001953
-0.000977
-0.001953
-0.001953
-0.000977
0.000000
-0.000977
-0.000977
0.000244
-0.000244
0.000000
-0.000488
0.000305
0.000732
-0.000244
-0.000244
-0.000488
-0.000977
0.000000
-0.000977
0.000000
0.000977
0.000244
0.000000
0.000244
-0.000488
0.000854
0.000244
0.000977
0.000000
0.000183
0.000244
0.000000
0.000977
0.000977
-0.000244
0.000244
0.000244
0.000488
0.000000
0.000000
-0.000488
0.000244
-0.000488
0.000977
0.000488
-0.000244
0.000244
0.000488
-0.000122
-0.000732
-0.000244
-0.000977
-0.000977
-0.000977
-0.001953
-0.000977
0.000000
-0.000977
-0.000977
-0.000488
-0.000977
-0.001465
-0.000977
0.000000
-0.001465
0.000488
-0.000488
-0.000244
0.000000
0.000000
0.000000
0.000977
0.000000
0.001465
0.001953
0.000977
0.000977
-0.000244
0.000549
-0.000366
0.000488
0.000244
-0.000977
0.000244
-0.000977
0.000244
0.000244
-0.000488
-0.000488
-0.000244
-0.000488
-0.000977
-0.000244
0.000000
-0.000488
-0.000488
0.000244
-0.001465
0.000610
-0.000732
0.000488
-0.000244
0.000488
0.000977
0.001465
0.000977
-0.000488
0.000488
0.000244
-0.000488
-0.000244
-0.000977
-0.000977
-0.000488
0.000183
0.000732
0.000977
0.000977
0.000000
0.000122
-0.000488
-0.001953
0.000366
0.000610
0.001953
0.001953
0.000000
0.000977
0.000488
-0.000488
0.000000
-0.000488
0.000244
-0.000244
0.000488
0.001953
0.000977
0.001953
0.000000
-0.000244
0.000488
-0.000488
-0.000732
0.000366
0.000732
-0.000488
0.000977
0.000977
0.000488
0.000977
0.001953
0.001953
0.001953
0.001953
0.001953
0.000977
0.000977
0.000488
0.000977
0.000977
0.000977
0.000000
0.000000
0.000488
0.000488
0.001953
0.000000
-0.000977
-0.001465
0.000000
-0.000977
0.000244
-0.000244
0.000732
-0.000610
-0.000244
-0.000488
-0.000488
0.000183
-0.000732
0.000977
0.001953
0.001465
0.000000
-0.000488
-0.001953
-0.001953
-0.001953
-0.001953
0.000244
-0.000488
0.000244
0.000977
-0.000366
0.000244
0.000244
-0.000488
0.000366
-0.000366
0.000732
-0.000732
0.000000
0.000488
0.000488
0.000977
0.001953
0.001953
-0.000488
0.000977
-0.000122
-0.000977
-0.001953
-0.000977
0.000000
0.000000
0.001953
0.001953
0.001953
0.001953
0.001953
0.000000
0.000977
0.000977
0.000977
0.000977
-0.000244
0.000977
-0.000610
0.000000
0.000977
0.000977
-0.000488
0.000732
-0.000977
0.000000
-0.000732
-0.000977
-0.000488
0.000488
0.001953
0.001953
0.001953
0.000977
0.000977
-0.000244
-0.000977
-0.000244
0.000488
-0.000244
0.001953
0.000000
0.000977
-0.000488
-0.000977
-0.000488
-0.001953
0.000000
0.000000
-0.000732
0.001953
-0.000488
-0.000488
-0.001465
-0.001953
-0.000977
-0.000977
-0.000488
-0.000244
0.000732
0.000244
-0.000488
-0.001465
-0.001953
-0.001953
-0.001953
0.000000
-0.000244
-0.000977
-0.000488
0.000000
-0.000488
0.000977
-0.000488
0.000732
0.000977
0.000488
0.000977
0.000977
0.000000
0.000488
0.000000
0.000244
-0.000977
0.000122
-0.000244
-0.001465
-0.000488
0.000244
-0.000244
-0.000275
0.000732
-0.000977
0.000488
0.000244
0.000977
0.000488
-0.000366
0.001099
-0.000977
-0.000244
-0.000488
-0.000977
0.000000
-0.000977
-0.000977
-0.000488
0.000244
-0.000366
0.000488
-0.000244
0.000244
-0.000610
0.000488
0.000977
0.001465
0.000488
0.000000
0.000000
0.000000
0.000000
-0.000488
-0.000977
0.000244
-0.000244
0.000000
0.000488
-0.000488
-0.000977
-0.000488
-0.000977
-0.000488
0.000977
0.000977
-0.000732
-0.000488
-0.001953
-0.001953
0.000000
-0.000977
-0.000488
0.000977
-0.000610
0.000977
0.000000
-0.000977
-0.000488
-0.000977
-0.001953
-0.000977
-0.001953
-0.000977
-0.000977
0.000000
0.000977
0.000977
0.000977
0.000977
0.000977
0.000977
-0.000671
0.000488
-0.000244
-0.000244
0.000977
-0.000732
0.000732
0.000000
0.001465
0.000977
0.000000
0.000122
-0.000977
-0.000977
-0.000977
-0.001953
-0.000977
-0.000977
-0.001465
-0.000977
0.000000
0.000244
0.000977
0.000977
0.001953
0.001953
0.001953
0.001953
0.000977
0.000488
0.000977
0.000122
0.001465
0.001953
0.000488
0.000244
0.001221
-0.000732
-0.000977
0.000488
-0.000488
-0.000732
0.000977
-0.000488
0.000732
0.000000
-0.000244
0.000977
-0.000366
0.000000
0.000000
-0.000977
-0.001953
-0.000977
-0.001953
-0.001953
0.000549
0.000244
-0.000488
0.000977
-0.000854
0.000732
0.000977
0.000488
0.000000
0.000244
0.000732
0.001953
0.001953
0.000977
0.000977
-0.000732
-0.000977
0.000732
0.000488
0.000000
-0.000244
0.000732
-0.000977
-0.000977
-0.000488
-0.000977
0.000000
-0.000183
0.000244
0.000488
0.000977
0.000000
0.000244
0.000977
0.000000
-0.000366
0.000000
0.000244
0.000732
0.000000
-0.000244
0.000732
0.000244
-0.000488
0.000977
-0.000122
-0.000244
0.000366
-0.000488
-0.000977
0.000122
-0.000732
-0.000977
-0.000488
-0.001953
-0.000977
-0.000977
-0.000977
0.000610
0.000366
-0.000610
0.000244
0.000488
-0.000488
0.000488
0.001465
0.000977
0.001953
0.001953
0.000977
-0.000244
0.000244
-0.000488
0.000000
-0.000977
-0.001953
0.000000
-0.000488
0.000488
0.000977
0.000977
0.001953
0.000000
0.000977
-0.000977
-0.000244
0.000732
0.000488
0.001953
0.000000
-0.000488
0.000488
0.000000
-0.000488
0.001465
-0.000610
0.000244
0.000977
-0.000732
0.000366
0.000610
-0.000244
0.000244
0.000000
-0.000244
-0.000244
-0.000488
-0.000977
0.000000
-0.001465
0.000244
0.000000
-0.000977
0.000488
-0.000977
0.000000
0.000977
0.000000
0.000488
0.000488
0.000000
0.000977
0.000488
0.000000
0.000000
0.000000
0.000610
-0.000610
0.000122
-0.000732
0.000244
0.000488
0.000000
0.000977
0.000488
0.000977
0.000977
0.000000
0.000000
0.000488
0.000488
0.000000
0.000977
0.000488
0.000977
-0.000488
-0.000488
0.000488
0.000000
-0.000977
0.000732
-0.000732
0.000488
0.000977
-0.000732
0.000977
-0.000732
-0.001953
-0.001953
-0.001953
-0.001953
-0.001953
-0.000977
-0.001953
-0.001953
-0.000977
-0.001953
0.000000
0.000488
0.000488
0.001953
0.001953
0.000000
-0.000244
-0.001465
-0.000488
-0.000488
-0.000610
-0.000732
-0.000977
0.000000
-0.000244
0.000244
0.000977
0.000977
0.001953
0.001953
0.000488
0.000977
-0.000732
-0.000488
0.000977
0.000488
0.001953
0.001953
0.000000
0.000000
0.000427
0.000732
0.001953
0.000488
0.000244
-0.000732
0.000000
-0.000488
0.000488
0.000000
-0.000488
-0.000488
-0.000977
0.000610
-0.000977
-0.000061
0.000488
0.000000
0.000977
0.000000
0.000000
0.000488
0.000732
0.000977
0.000977
-0.000244
-0.000732
-0.001953
-0.001953
-0.000977
-0.000977
-0.000977
-0.000977
-0.000488
-0.001465
0.000732
-0.000229
0.000977
0.000977
-0.000610
0.000977
0.000488
0.000000
0.001953
0.000488
0.000977
-0.000488
-0.000488
-0.000244
-0.000977
0.000183
0.000977
0.000000
0.000977
0.001953
0.001953
0.000000
0.000488
0.000488
-0.000488
0.000488
-0.000488
-0.000977
-0.000977
-0.001953
-0.001953
-0.001953
0.000000
-0.000977
0.000000
-0.000488
-0.000977
0.000000
-0.000977
-0.000977
0.000000
-0.000977
-0.000977
0.000488
-0.000977
0.000488
0.000977
-0.000244
-0.000488
-0.000977
0.000488
0.000488
0.001953
0.001953
0.000000
0.000977
0.000732
-0.000244
0.000977
0.000488
0.000244
0.000000
0.000122
0.000732
-0.000732
0.000366
0.000977
-0.000610
-0.000366
-0.001465
-0.000977
0.000000
0.000488
0.000000
0.000977
-0.000244
-0.000488
0.000977
-0.000488
0.000000
0.000000
-0.000977
-0.000488
0.000244
0.000977
-0.000244
0.000977
0.000000
0.000488
-0.000366
-0.000488
-0.000488
0.000244
-0.000244
-0.000122
0.000488
-0.000488
0.000977
0.000977
0.001953
0.000977
0.000977
0.000000
0.000488
-0.000244
0.000732
0.000977
0.001953
0.001953
0.000000
0.000977
-0.000244
-0.000977
0.000854
-0.000488
0.000000
-0.000488
-0.000488
-0.000244
-0.000488
0.000977
0.001953
0.000000
0.000488
0.000488
0.000488
0.000488
0.000244
0.000732
0.000244
0.000244
0.000244
-0.000732
-0.000488
-0.000977
-0.000977
0.000549
0.000122
-0.000488
0.000732
-0.000183
-0.000488
-0.000732
0.000427
0.000488
-0.000488
0.000000
-0.001465
0.000000
-0.000977
0.000366
0.000000
-0.001465
-0.000488
0.000000
-0.000244
0.000977
0.000000
-0.000061
-0.000488
0.000488
-0.000122
0.000000
0.000488
-0.000183
-0.000488
-0.000488
0.000305
-0.000488
-0.000366
0.000000
-0.000977
-0.000977
-0.001953
-0.001953
-0.000488
-0.000977
0.000000
0.000977
-0.000671
0.000488
0.000977
0.000488
0.000977
0.000977
-0.000244
0.000977
0.001953
0.001953
0.001953
0.000977
0.000977
0.000977
0.000000
0.000000
-0.000732
-0.000244
0.000061
0.000366
0.000488
0.000977
0.000000
0.000000
0.000244
-0.000977
0.000244
-0.000488
-0.000488
0.000244
-0.000488
0.000977
0.000000
0.000000
0.000977
0.000977
0.000977
0.000488
-0.000732
-0.000977
-0.000977
0.000000
0.000488
0.000000
0.001953
0.000000
-0.000732
-0.000488
-0.000977
-0.000977
-0.000977
-0.000977
0.000488
0.000732
0.001953
0.001953
0.000977
0.001953
0.000000
-0.000488
0.000488
-0.000977
-0.000977
0.000732
-0.000977
-0.000244
0.000977
-0.000732
-0.000977
-0.000732
0.000000
-0.000977
0.000732
0.001953
-0.000488
0.001953
0.000000
-0.000244
0.000000
-0.000244
-0.000732
-0.000977
-0.000977
-0.000977
0.000000
0.000000
0.000977
-0.000488
0.000488
0.000000
0.000488
-0.000244
0.000977
0.001953
0.000000
0.001953
0.000488
-0.000244
-0.000488
0.000366
-0.000244
0.000000
0.000977
0.000488
-0.000122
0.000244
0.000977
0.000977
0.001953
0.001953
0.000488
0.001465
0.000977
0.001953
0.001953
0.000977
0.000488
0.000488
0.000000
-0.001221
-0.000977
-0.000977
-0.000977
-0.000488
0.000977
0.000977
0.000244
0.000977
0.000000
0.000488
0.000977
-0.000244
0.000488
0.000977
-0.000244
0.000488
0.000244
0.000732
-0.000732
0.000183
0.000244
-0.000977
0.001221
0.000977
0.000488
0.000488
-0.000732
0.000488
0.000488
-0.000732
0.000488
-0.001465
-0.001953
-0.001953
-0.001953
-0.001953
0.000000
-0.001953
0.000000
-0.000977
-0.001953
-0.001953
0.000000
-0.000488
0.000488
0.000977
0.000488
0.000977
0.000977
0.000244
-0.000366
0.000854
0.000488
0.000488
0.001953
0.000977
0.000977
0.000000
0.000977
0.001953
-0.000488
0.000000
0.000488
-0.000244
0.000977
0.001953
0.000000
-0.000244
0.000000
-0.000244
-0.000977
-0.000122
0.000732
0.001465
0.000000
0.000488
0.000488
-0.001465
-0.000977
-0.001953
-0.001953
-0.000977
-0.001953
-0.001953
-0.000977
0.000244
0.000977
0.000977
0.000977
0.001953
0.001953
0.000000
0.000977
0.000977
0.000488
0.001953
0.000488
0.000488
0.000977
-0.000549
-0.000183
0.000244
0.000732
0.000000
0.000977
0.000977
0.000977
0.000977
0.000977
0.000488
0.000488
-0.000244
-0.000977
-0.001953
0.000000
-0.000488
-0.000977
0.000366
0.000122
0.000000
-0.000732
0.000122
0.000122
-0.000977
0.000366
0.000122
0.000488
0.000977
0.000000
0.000977
0.000000
-0.000977
0.000977
-0.000122
0.000977
0.000488
0.000122
0.000244
0.000244
0.000488
-0.000732
-0.000244
0.000610
-0.000488
-0.000366
0.000977
0.000488
0.000488
0.000977
0.000977
0.000488
0.000977
0.000977
0.000122
0.000977
0.000732
0.001953
0.001953
0.000000
0.001953
0.001953
-0.000488
-0.000977
-0.001953
-0.001953
-0.000977
-0.000488
0.000122
-0.000610
-0.000977
-0.000977
-0.000977
-0.001953
-0.000977
0.000000
0.000244
-0.000732
0.000000
-0.001465
0.000000
0.000000
-0.000732
-0.000488
0.000244
-0.000977
-0.000488
0.000244
-0.000977
-0.000977
0.000000
-0.000488
-0.000977
-0.000977
0.000000
-0.000244
-0.000977
-0.000732
-0.001953
-0.000488
-0.000488
0.000488
-0.000244
0.000977
0.000977
0.001465
0.000977
0.000000
-0.000732
-0.000977
0.000000
0.000000
-0.000732
0.000977
-0.000244
-0.000488
-0.000244
0.000793
-0.000732
-0.000977
-0.000488
0.000000
-0.000977
0.000488
0.000000
0.000977
-0.000244
0.000732
0.000977
0.000488
0.000977
0.000977
0.001953
0.001953
0.001953
0.001953
0.000977
-0.000977
0.000732
0.000488
0.000488
0.001953
-0.000732
-0.000366
0.000000
-0.000977
-0.000061
-0.000366
-0.000977
-0.000977
-0.000977
0.000000
0.000244
-0.000488
0.000732
-0.000732
-0.000977
-0.000977
-0.000977
-0.000977
-0.000488
-0.001953
-0.000977
-0.000977
-0.001953
0.000488
-0.000977
-0.000977
0.000488
-0.000977
0.000000
-0.000732
-0.000977
-0.000977
0.000000
-0.000244
0.000732
0.000977
0.000977
0.000000
0.000244
0.000488
-0.000488
-0.000977
-0.000977
-0.000977
-0.000488
0.000488
0.000488
0.000488
-0.000244
-0.000977
0.000000
-0.001953
0.000000
0.000977
-0.000488
0.000977
0.000977
-0.000488
0.001953
0.000977
0.001465
0.001953
0.000000
-0.000244
-0.001465
-0.000977
0.000000
-0.000122
-0.000122
0.000244
-0.000488
-0.000977
-0.000977
-0.000977
-0.000977
-0.000977
0.000488
-0.000488
-0.000977
0.000488
0.000244
0.000488
0.000977
0.000977
0.000977
0.000000
0.000488
0.000488
-0.000732
-0.000732
-0.000977
0.000000
-0.000732
-0.000732
0.000244
-0.000977
0.000000
0.000977
0.000977
0.001953
0.000488
0.001953
0.000488
-0.000977
-0.000488
0.000000
0.000244
-0.000488
-0.000732
-0.001953
-0.001953
-0.001953
-0.000488
-0.000977
-0.000977
0.000732
0.000000
0.000732
0.000977
0.000977
-0.000244
0.000488
0.000977
0.000488
0.000977
0.000977
-0.000305
0.000000
0.000244
-0.000977
-0.000977
0.000000
0.000488
0.001953
0.001953
0.000000
-0.000244
0.000488
-0.000977
-0.001953
0.000488
0.000000
-0.000488
0.001953
0.000000
0.000244
0.000732
0.000244
-0.000122
-0.000122
-0.000732
-0.000977
-0.000488
-0.000244
0.000488
0.000977
0.000977
0.000977
-0.000488
-0.000977
-0.000488
-0.001953
-0.000488
0.000610
0.000000
-0.000122
-0.000488
0.000000
-0.000977
-0.000244
-0.000488
-0.000488
-0.000977
-0.001953
0.000366
-0.000977
0.000488
-0.000488
0.000000
-0.000488
-0.001953
0.000732
0.000244
-0.000488
0.000977
0.000977
-0.000244
0.000488
-0.000244
-0.000977
0.000000
0.000244
-0.000244
0.000000
-0.000977
0.000000
0.001221
0.000488
0.001953
0.000488
0.000977
0.000488
0.000000
0.000977
0.000244
0.001465
0.000000
0.000488
0.000977
0.000244
0.000000
0.000000
0.000488
0.000488
-0.000732
0.000488
0.000488
0.000000
0.000977
0.001953
-0.000366
0.000732
0.000488
0.000488
-0.000244
-0.000977
-0.000977
0.000000
-0.000977
-0.000977
-0.000488
-0.001953
-0.000488
0.000366
0.001465
0.000000
0.000977
0.000244
-0.000977
-0.000732
0.000000
-0.000977
-0.000977
0.000732
-0.000977
-0.001953
0.000488
-0.000977
0.000000
-0.000488
0.000000
-0.001465
-0.001953
-0.001953
-0.001953
-0.000977
-0.000977
0.000000
0.000244
0.001465
0.001953
0.000488
0.000977
0.000488
0.000977
0.000000
-0.000610
0.000732
-0.000732
0.000977
0.000488
0.000977
0.000977
0.000977
-0.000244
-0.000732
0.000244
-0.000488
-0.000244
0.000977
-0.000122
0.000977
0.000977
0.000000
-0.000244
0.000244
0.000488
0.001953
0.001953
0.000977
0.001953
0.000488
0.000000
-0.000244
0.000244
0.000977
0.000488
0.000977
0.000977
-0.000305
0.000977
0.000977
-0.000244
-0.000488
0.000244
0.000244
-0.000488
0.000000
0.000000
0.000000
0.000732
0.000977
0.000000
0.000732
0.000122
0.000977
0.000977
-0.000488
0.000977
-0.000244
0.000488
-0.000244
-0.000977
-0.000977
-0.000977
-0.000977
-0.000244
-0.000244
-0.000488
0.000000
-0.000977
-0.000977
-0.000977
0.000488
-0.000977
-0.000488
0.000732
0.000488
0.001953
0.000000
0.001465
-0.000732
-0.000488
0.000732
-0.000977
-0.000977
0.000977
-0.000977
-0.000244
-0.000488
0.000244
0.000000
0.000732
0.000977
0.000488
0.000977
0.000488
-0.000488
0.000488
0.000458
-0.000488
-0.000610
0.000244
-0.000977
-0.000488
-0.000732
-0.000977
-0.000977
-0.001953
-0.000977
-0.000977
0.000000
0.000732
-0.000244
0.000977
0.000488
0.000977
0.000977
0.001953
0.001953
0.000977
0.000977
-0.000244
0.000977
-0.000488
0.000732
0.000000
-0.000488
-0.000732
-0.000977
-0.000977
0.000000
-0.000977
0.000488
-0.000488
-0.000244
-0.000488
-0.001953
0.000244
0.000488
0.000977
0.000488
0.000244
0.000000
-0.000977
0.000000
-0.000977
0.000000
0.000732
0.000488
0.000977
0.000000
0.000977
-0.000488
-0.000244
0.000977
0.000977
0.000000
0.000977
0.000977
0.000000
0.000977
0.000000
-0.000488
-0.001465
0.000000
-0.000488
-0.000488
0.001465
-0.000732
-0.000977
-0.000488
0.000000
-0.000488
0.000000
0.000244
-0.000977
-0.000977
-0.000977
-0.000977
0.000000
-0.000488
0.000366
0.000977
-0.000366
-0.000244
0.000732
-0.000977
0.000244
-0.000977
-0.000488
-0.000977
-0.001953
0.000244
0.000000
0.001465
0.000977
0.001953
0.001953
0.000488
0.001953
0.001953
0.000977
0.001953
0.000977
0.000977
-0.000366
-0.000977
-0.001953
-0.001953
-0.001953
-0.001953
-0.000488
-0.000977
0.000488
0.000000
0.000122
0.000488
0.000244
-0.000732
0.000977
0.001953
0.000488
0.000977
0.000977
0.000977
0.001953
0.001953
0.000000
0.000488
-0.000977
-0.000977
-0.000977
-0.001953
-0.001953
-0.001953
0.000000
0.000732
0.001953
0.001953
0.000488
-0.000488
0.000366
0.000244
0.001465
0.001953
0.000488
-0.000244
-0.000488
0.000488
0.000977
0.000000
0.000000
-0.001465
0.000000
-0.000977
-0.000488
0.000000
-0.000488
-0.000977
-0.000488
-0.000488
0.000488
0.000488
0.000977
0.000000
0.000488
-0.000122
-0.000977
-0.000488
-0.001953
-0.000977
-0.000977
0.000732
0.000244
0.000977
0.000977
0.000977
-0.000244
-0.000488
0.000244
0.000488
0.001953
0.001953
0.000488
-0.000244
0.000244
-0.000488
-0.000488
0.000977
-0.000977
0.000000
0.000244
0.000488
-0.000366
0.000977
-0.000488
0.000488
0.000244
0.000488
-0.000244
-0.000732
-0.001953
-0.000488
-0.000977
0.000000
0.000488
-0.000488
0.000977
-0.000488
0.000488
-0.000366
0.000000
0.000000
-0.000977
-0.000977
-0.000488
0.000000
-0.000977
0.000366
0.000244
0.000488
0.000488
0.000977
0.000977
0.000488
-0.000122
-0.000977
0.000244
-0.000977
0.000488
0.000000
0.000977
0.000977
0.000244
-0.000244
-0.000244
-0.001953
-0.001953
0.000000
-0.000244
0.000732
-0.000488
0.000000
0.000977
-0.000488
0.000366
0.000244
0.000244
-0.000977
-0.000977
-0.001953
-0.001953
-0.000244
-0.000977
0.000000
-0.000244
-0.000488
0.000977
-0.000244
0.001465
0.000977
0.000244
0.001465
-0.000732
0.000732
0.000000
-0.000488
0.000000
-0.000977
-0.001953
-0.000977
-0.001953
-0.001953
-0.001953
0.000000
0.000000
-0.000488
0.000977
0.000000
-0.000488
0.000732
-0.000977
0.000000
0.000000
-0.000488
0.000488
0.000977
-0.000122
-0.000244
0.000000
-0.000977
0.000488
0.000488
0.000977
0.000000
0.000977
-0.000122
0.000977
0.001953
-0.000244
0.000488
0.000977
0.000488
0.000977
0.000000
0.000977
-0.000488
0.000732
-0.000488
-0.000977
-0.000488
-0.001953
-0.000977
0.000000
0.000488
0.000000
0.000488
-0.000488
0.000000
0.000122
-0.000977
-0.000244
-0.000488
0.000000
0.000244
0.000977
0.001953
0.000000
0.000977
-0.000244
0.000732
0.001953
-0.000244
0.000977
0.000977
0.001465
0.000977
0.001953
0.000000
0.000122
0.000977
0.000000
0.001953
-0.000244
0.000977
0.001953
0.001953
0.001953
0.000000
0.000000
-0.000488
0.000000
-0.000977
0.000031
-0.000244
0.000000
0.000977
0.000000
-0.000366
0.000000
-0.000244
0.000488
0.000977
0.000977
0.000977
0.000488
0.000977
0.001465
0.000000
0.000977
0.000000
-0.000122
0.000488
0.000366
-0.000732
-0.000977
-0.000488
0.000244
-0.000244
-0.000244
0.000488
-0.001953
-0.001953
-0.000977
-0.001953
-0.000977
0.000244
0.000488
0.000977
0.000488
0.000488
-0.000977
-0.000977
-0.000977
-0.000977
-0.000244
0.000977
-0.000427
0.000366
-0.001465
0.000000
0.000061
-0.000977
0.000000
-0.000977
-0.000977
0.000000
-0.001465
-0.000732
-0.000244
-0.000488
-0.000122
-0.000183
-0.000122
-0.000488
0.000000
-0.000488
-0.000977
0.000000
0.000366
0.000488
0.000977
0.000977
0.000977
-0.000244
-0.000488
-0.000488
0.000000
-0.001953
-0.000977
-0.000488
0.000488
0.000977
0.000000
-0.000244
-0.000732
-0.000977
0.000488
0.000488
0.001953
0.001953
0.000000
0.000488
-0.000732
-0.000977
-0.000244
-0.000488
0.000977
0.001953
0.000000
0.000977
-0.000488
0.000488
-0.000244
-0.000488
-0.000488
-0.000977
-0.001953
-0.001953
-0.001953
-0.001953
0.000244
-0.000244
0.000977
0.000000
0.000244
-0.000122
0.000977
0.000977
0.000977
0.000000
-0.000977
0.000000
0.000488
0.000244
0.000977
-0.000366
-0.000977
-0.001953
0.000000
0.000244
0.001465
0.000488
0.000000
-0.000732
-0.000977
-0.000977
-0.000977
-0.000488
0.000000
-0.000977
-0.000977
0.000488
0.000244
0.001465
0.001953
0.000977
0.001953
0.000000
0.000977
0.000977
-0.000732
0.000977
0.000732
0.000488
0.000977
0.000244
0.000244
0.000122
-0.000244
-0.000488
-0.000244
-0.000977
-0.000488
-0.000244
0.000000
0.000977
0.000977
0.000977
0.001953
0.000000
0.000977
0.000000
0.000244
0.001465
0.000488
0.000488
0.000000
0.000244
-0.000977
-0.000977
0.000977
0.000000
0.000977
0.000488
0.001465
0.001953
0.000977
0.000977
0.001465
0.000977
0.000977
0.000488
-0.000366
-0.000488
-0.000977
-0.000244
0.000244
0.000488
0.000977
0.000000
-0.000488
0.000977
-0.000977
0.000488
-0.000488
-0.001465
0.000244
-0.000977
-0.000977
0.000610
0.000366
0.000000
0.000977
0.000977
-0.000427
0.000488
0.000488
0.000488
0.000977
0.001953
0.000977
-0.000732
0.000488
0.000000
0.000488
0.000488
0.000488
-0.000732
-0.000977
-0.001953
-0.001953
0.000488
0.000977
0.000977
0.000977
-0.000244
0.000244
0.000610
0.000977
0.001953
0.001953
0.000977
0.000977
0.000977
0.000977
0.001953
0.001953
0.000977
0.000977
0.000977
-0.000732
-0.000977
-0.001953
0.000000
0.000000
-0.000732
0.000977
0.000977
0.001465
0.001953
0.000000
0.000732
0.000732
-0.000977
0.000244
-0.000977
-0.001953
-0.001953
-0.000977
-0.000977
-0.000244
-0.000488
-0.000977
0.000000
-0.000488
0.000488
0.000488
0.000977
-0.000244
-0.000977
-0.001953
0.000000
-0.000488
0.000488
0.000977
0.000977
0.000977
0.000000
0.000000
0.000488
-0.000977
0.000000
-0.000488
-0.000977
-0.000977
-0.001953
-0.000977
-0.000488
0.000000
0.000977
0.001953
0.001953
0.001953
0.001953
0.000977
0.000977
0.000488
0.000122
0.000488
0.000610
-0.000610
0.000610
-0.000977
0.000122
0.001465
0.001465
0.000977
-0.000488
0.000610
0.000366
-0.000488
0.000244
0.000000
0.000488
0.000977
0.000000
0.000977
0.000977
-0.000488
0.000000
0.000244
-0.001465
0.000488
0.000244
0.000000
0.000244
-0.000488
-0.000977
-0.000977
-0.001953
-0.001953
-0.001953
-0.001953
0.000488
0.001465
0.000977
0.001953
0.000000
0.000305
0.000000
-0.000977
-0.000122
0.000366
-0.000244
0.000488
0.000488
-0.000610
-0.000488
-0.000977
-0.000977
0.000000
0.000977
0.000488
0.001953
0.001953
0.000977
0.001953
0.000000
-0.000488
-0.001465
-0.001953
-0.000977
-0.000488
-0.000488
0.000977
0.000977
0.001953
0.001953
0.000488
0.000488
0.000122
-0.000488
-0.000977
-0.001953
-0.001953
0.000000
0.000488
0.000488
0.001953
0.000000
-0.000488
0.000488
-0.000488
-0.000488
-0.000488
-0.000977
0.000000
-0.000977
0.000366
0.000000
-0.000488
0.000977
0.000244
-0.000244
0.000000
-0.000977
-0.000977
-0.001953
-0.001953
-0.000977
0.000000
0.000732
0.000977
0.000000
0.000244
0.000732
0.000244
0.000000
0.001465
0.000488
0.000488
0.001953
0.000977
0.000000
0.000732
-0.000977
0.000000
-0.000732
-0.000488
-0.000977
-0.000488
-0.000061
-0.000977
-0.000244
-0.001953
-0.001953
-0.000977
-0.000977
0.000488
0.000488
-0.000366
0.000488
-0.001465
0.000244
0.000732
0.000488
0.000000
0.000977
-0.000244
0.000488
0.001953
0.001953
0.000000
0.000732
0.000244
-0.000732
-0.000366
-0.000977
-0.000977
-0.000977
-0.000488
-0.000244
0.000488
-0.000732
-0.000977
-0.000488
-0.000488
-0.000977
-0.000977
-0.000977
-0.000977
-0.000488
0.000977
0.000977
0.000000
-0.000488
-0.000977
0.000000
-0.000977
-0.000977
0.000244
0.000366
0.000488
0.000488
-0.000244
0.000000
0.000122
-0.000488
0.000977
0.000977
0.001953
0.001953
0.000488
0.000977
0.000977
0.000000
0.000000
0.000000
-0.000977
0.000000
-0.001465
-0.000488
-0.000488
0.000000
0.000977
0.000977
0.000000
0.000977
-0.000122
-0.000244
0.000488
-0.000977
0.000000
0.000549
0.000488
0.000977
0.000000
0.000977
-0.000488
0.000244
0.000000
0.000000
-0.000366
0.000732
-0.000488
0.000732
-0.000488
-0.000244
-0.001221
0.000488
0.000488
0.000488
0.000977
0.001953
0.000977
0.001953
0.001953
0.000977
0.001953
0.000488
-0.000977
-0.000977
-0.000488
-0.001953
0.000000
0.000732
0.000488
0.000000
0.000000
0.000488
-0.001953
-0.000977
-0.001953
0.000000
-0.000977
0.000244
0.000488
0.000732
0.000977
0.000488
0.000488
-0.000977
-0.000977
-0.000977
0.000244
0.000244
-0.000488
0.000000
-0.000977
0.000000
-0.000488
0.000122
-0.000732
0.000488
-0.000977
0.000000
-0.000244
-0.000488
0.001465
0.001953
0.001953
0.000000
0.000977
0.000977
-0.000610
-0.000488
-0.000488
-0.000977
0.000488
0.001953
0.001953
0.000977
0.001953
-0.000366
0.000977
-0.000488
0.000244
-0.000488
-0.000977
-0.000732
-0.000488
-0.000977
0.000732
-0.000732
-0.000977
0.000732
-0.000244
0.001953
0.001953
0.001953
0.000000
0.000000
-0.000488
0.000000
0.000244
-0.000244
0.000977
-0.000732
-0.000977
-0.000488
0.000000
0.000244
0.000488
-0.000244
0.000000
0.000610
0.000488
0.001953
0.001953
0.000000
0.001221
-0.000977
-0.000977
-0.000488
0.000244
-0.000366
0.000122
0.000488
-0.000977
-0.000977
-0.000977
-0.000977
-0.000488
-0.000977
0.000488
0.000977
-0.000732
0.000488
-0.000977
-0.000977
-0.000977
-0.000977
-0.000977
0.000244
0.000000
0.000488
0.000977
0.000977
-0.000610
-0.000977
-0.000977
-0.001953
-0.000244
0.000977
-0.000488
0.000488
0.000488
0.000000
-0.000488
-0.000366
-0.000977
-0.000488
-0.000977
0.000854
0.000977
0.000000
0.000000
-0.000977
-0.000977
-0.001953
-0.000488
-0.000488
0.000488
0.001953
0.000000
0.001953
-0.000488
0.000244
0.000977
0.001953
0.001953
0.001953
0.001953
0.001953
0.000000
0.000488
0.000977
0.001465
0.000977
0.000000
0.000488
-0.000977
-0.000977
-0.000977
-0.000977
0.000000
0.000488
0.000488
-0.000244
0.000488
-0.001953
0.000000
0.000488
-0.000488
0.000977
0.000977
0.000244
-0.000732
0.000488
0.000000
-0.000488
0.000488
-0.000244
-0.000977
-0.000244
0.000488
0.000244
0.000000
-0.000488
0.000244
-0.000244
0.000000
0.000488
-0.000977
-0.000488
0.000488
-0.000977
-0.000488
-0.001465
-0.001953
-0.001953
-0.001953
0.000244
-0.000488
0.000244
0.000977
0.001953
0.000977
0.001953
0.000977
0.001953
0.001953
0.000488
0.000977
0.000977
0.000977
0.000977
0.000977
-0.000244
-0.000977
-0.000977
-0.000488
-0.000977
-0.000488
-0.000732
0.000000
-0.000366
-0.000977
0.000000
-0.000488
-0.000977
-0.000977
-0.000977
0.000244
0.001465
-0.000244
0.000000
0.000488
-0.000488
0.001465
0.000488
0.000977
0.000977
0.000977
0.000977
0.001953
0.001953
0.000977
0.001953
-0.000366
0.000061
-0.000488
-0.000977
0.000488
-0.000488
-0.000488
-0.001465
-0.001953
-0.001953
-0.001953
0.000000
-0.000977
-0.000977
0.000977
-0.000732
0.000977
0.001953
